true_label pred_label pred_prob file time_range filler
1 0 0.004659696482121944 50414 [2010, 2210] [2183.9, 2202.2000000000003]
1 0 0.045678578317165375 50414 [2020, 2220] [2183.9, 2202.2000000000003]
1 0 0.2631402611732483 50414 [2030, 2230] [2183.9, 2202.2000000000003]
1 0 0.02967078424990177 50414 [2040, 2240] [2183.9, 2202.2000000000003]
1 0 0.07629909366369247 50414 [2050, 2250] [2183.9, 2202.2000000000003]
1 0 0.4492547810077667 50414 [2060, 2260] [2183.9, 2202.2000000000003]
1 0 0.10642467439174652 50414 [2070, 2270] [2183.9, 2202.2000000000003]
1 0 0.17122714221477509 50414 [2080, 2280] [2183.9, 2202.2000000000003]
1 0 0.15043585002422333 50414 [2100, 2300] [2183.9, 2202.2000000000003]
1 0 0.11796004325151443 50414 [2130, 2330] [2183.9, 2202.2000000000003]
1 0 0.16521580517292023 50414 [2160, 2360] [2183.9, 2202.2000000000003]
1 0 0.2839328944683075 50414 [2170, 2370] [2183.9, 2202.2000000000003]
1 0 0.06224565953016281 50628 [2690, 2890] [2839.5, 2888.6]
1 0 0.05620456859469414 50628 [2710, 2910] [2839.5, 2888.6]
1 0 0.020586617290973663 50628 [2720, 2920] [2839.5, 2888.6]
1 0 0.18532878160476685 50628 [2730, 2930] [2839.5, 2888.6]
1 0 0.11959995329380035 50628 [2740, 2940] [2839.5, 2888.6]
1 0 0.06200329214334488 50628 [2750, 2950] [2839.5, 2888.6]
1 0 0.15603452920913696 50628 [2760, 2960] [2839.5, 2888.6]
1 0 0.10005086660385132 50628 [2770, 2970] [2839.5, 2888.6]
1 0 0.05423479154706001 50628 [2780, 2980] [2839.5, 2888.6]
1 0 0.2518291175365448 50628 [2790, 2990] [2839.5, 2888.6]
1 0 0.13972148299217224 50628 [2800, 3000] [2839.5, 2888.6]
1 0 0.1009930670261383 50628 [2810, 3010] [2839.5, 2888.6]
1 0 0.2619744837284088 50628 [2820, 3020] [2839.5, 2888.6]
1 0 0.13622383773326874 50628 [2830, 3030] [2839.5, 2888.6]
1 0 0.000596721947658807 50628 [3770, 3970] [3917.1, 3962.7000000000003]
1 0 0.000700201082509011 50628 [3780, 3980] [3917.1, 3962.7000000000003]
1 0 0.0010020816698670387 50628 [3790, 3990] [3917.1, 3962.7000000000003]
1 0 0.36424100399017334 50628 [3800, 4000] [3917.1, 3962.7000000000003]
1 0 0.46646690368652344 50628 [4440, 4640] [4487.2, 4515.3]
1 0 0.26049044728279114 50628 [4460, 4660] [4487.2, 4515.3]
1 0 0.44489070773124695 50628 [4470, 4670] [4487.2, 4515.3]
1 0 0.4947669804096222 50628 [5320, 5520] [5332.200000000001, 5375.0]
1 0 0.002496307482942939 50217 [3290, 3490] [3468.2000000000003, 3488.7]
1 0 0.09156867116689682 50217 [3300, 3500] [3468.2000000000003, 3488.7]
1 0 0.041846681386232376 50217 [3310, 3510] [3468.2000000000003, 3488.7]
1 0 0.024505941197276115 50217 [3320, 3520] [3468.2000000000003, 3488.7]
1 0 0.07411424070596695 50217 [3330, 3530] [3468.2000000000003, 3488.7]
1 0 0.03575783595442772 50217 [3340, 3540] [3468.2000000000003, 3488.7]
1 0 0.022573284804821014 50217 [3350, 3550] [3468.2000000000003, 3488.7]
1 0 0.35301676392555237 50217 [3360, 3560] [3468.2000000000003, 3488.7]
1 0 0.3470257520675659 50217 [3370, 3570] [3468.2000000000003, 3488.7]
1 0 0.3281870484352112 50217 [3380, 3580] [3468.2000000000003, 3488.7]
1 0 0.3355531096458435 50217 [3400, 3600] [3468.2000000000003, 3488.7]
1 0 0.16664136946201324 50217 [3410, 3610] [3468.2000000000003, 3488.7]
1 0 0.3311507999897003 50217 [3420, 3620] [3468.2000000000003, 3488.7]
1 0 0.3617025911808014 50217 [3430, 3630] [3468.2000000000003, 3488.7]
1 0 0.16726049780845642 50217 [3450, 3650] [3468.2000000000003, 3488.7]
1 0 0.01626107469201088 50604 [4310, 4510] [4485.368599125314, 4503.356907951375]
1 0 0.02820802852511406 50604 [4320, 4520] [4485.368599125314, 4503.356907951375]
1 0 0.0013381699100136757 50604 [4330, 4530] [4485.368599125314, 4503.356907951375]
1 0 0.009780731052160263 50604 [4340, 4540] [4485.368599125314, 4503.356907951375]
1 0 0.06963177770376205 50604 [4350, 4550] [4485.368599125314, 4503.356907951375]
1 0 0.006640307605266571 50604 [4360, 4560] [4485.368599125314, 4503.356907951375]
1 0 0.035105980932712555 50604 [4370, 4570] [4485.368599125314, 4503.356907951375]
1 0 0.10804378986358643 50604 [4380, 4580] [4485.368599125314, 4503.356907951375]
1 0 0.0012349279131740332 50604 [4390, 4590] [4485.368599125314, 4503.356907951375]
1 0 0.008866200223565102 50604 [4400, 4600] [4485.368599125314, 4503.356907951375]
1 0 0.040055450052022934 50604 [4410, 4610] [4485.368599125314, 4503.356907951375]
1 0 0.0011509762844070792 50604 [4420, 4620] [4485.368599125314, 4503.356907951375]
1 0 0.001147864619269967 50604 [4430, 4630] [4485.368599125314, 4503.356907951375]
1 0 0.17115414142608643 50604 [4440, 4640] [4485.368599125314, 4503.356907951375]
1 0 0.00033540718141011894 50604 [4450, 4650] [4485.368599125314, 4503.356907951375]
1 0 0.001829027314670384 50604 [4460, 4660] [4485.368599125314, 4503.356907951375]
1 0 0.0010977220954373479 50604 [4470, 4670] [4485.368599125314, 4503.356907951375]
1 0 0.0007573651382699609 50604 [4480, 4680] [4485.368599125314, 4503.356907951375]
1 0 0.00024817782104946673 01411 [2730, 2930] [2845.883853529675, 2924.6602404575997]
1 0 0.00034105725353583694 01411 [2740, 2940] [2845.883853529675, 2924.6602404575997]
1 0 0.0001433280558558181 01411 [2750, 2950] [2845.883853529675, 2924.6602404575997]
1 0 0.001462031970731914 01411 [2760, 2960] [2845.883853529675, 2924.6602404575997]
1 0 0.015559655614197254 01411 [2770, 2970] [2845.883853529675, 2924.6602404575997]
1 0 0.0036552343517541885 01411 [2780, 2980] [2845.883853529675, 2924.6602404575997]
1 0 0.00809958204627037 01411 [2790, 2990] [2845.883853529675, 2924.6602404575997]
1 0 0.015414170920848846 01411 [2800, 3000] [2845.883853529675, 2924.6602404575997]
1 0 0.002005761256441474 01411 [2810, 3010] [2845.883853529675, 2924.6602404575997]
1 0 0.0013610952300950885 01411 [2820, 3020] [2845.883853529675, 2924.6602404575997]
1 0 0.011074968613684177 01411 [2830, 3030] [2845.883853529675, 2924.6602404575997]
1 0 0.0033021459821611643 01411 [2840, 3040] [2845.883853529675, 2924.6602404575997]
1 0 0.00044431514106690884 01411 [3370, 3570] [3501.174553548128, 3565.68435035256]
1 0 0.0006039447616785765 01411 [3380, 3580] [3501.174553548128, 3565.68435035256]
1 0 0.001289232401177287 01411 [3390, 3590] [3501.174553548128, 3565.68435035256]
1 0 0.0010995777556672692 01411 [3400, 3600] [3501.174553548128, 3565.68435035256]
1 0 0.0007567197317257524 01411 [3410, 3610] [3501.174553548128, 3565.68435035256]
1 0 0.0013804171467199922 01411 [3420, 3620] [3501.174553548128, 3565.68435035256]
1 0 0.0005250443355180323 01411 [3430, 3630] [3501.174553548128, 3565.68435035256]
1 0 0.00033702331711538136 01411 [3440, 3640] [3501.174553548128, 3565.68435035256]
1 0 0.0008392294985242188 01411 [3450, 3650] [3501.174553548128, 3565.68435035256]
1 0 0.006486539728939533 01411 [3460, 3660] [3501.174553548128, 3565.68435035256]
1 0 0.001488623907789588 01411 [3470, 3670] [3501.174553548128, 3565.68435035256]
1 0 0.0015519039006903768 01411 [3480, 3680] [3501.174553548128, 3565.68435035256]
1 0 0.0024727017153054476 01411 [3490, 3690] [3501.174553548128, 3565.68435035256]
1 0 0.00021623374777846038 01411 [3500, 3700] [3501.174553548128, 3565.68435035256]
1 0 0.1713968962430954 01411 [4760, 4960] [4907.406683595167, 4953.928171675286]
1 0 0.034506794065237045 01411 [4780, 4980] [4907.406683595167, 4953.928171675286]
1 0 0.4168870449066162 01411 [4790, 4990] [4907.406683595167, 4953.928171675286]
1 0 0.007300659082829952 01411 [4800, 5000] [4907.406683595167, 4953.928171675286]
1 0 0.001281225006096065 01411 [4810, 5010] [4907.406683595167, 4953.928171675286]
1 0 0.13254398107528687 01411 [4820, 5020] [4907.406683595167, 4953.928171675286]
1 0 0.0012461334699764848 01411 [4830, 5030] [4907.406683595167, 4953.928171675286]
1 0 0.0023484877310693264 01411 [4840, 5040] [4907.406683595167, 4953.928171675286]
1 0 0.10639005154371262 01411 [4850, 5050] [4907.406683595167, 4953.928171675286]
1 0 0.0019974824972450733 01411 [4860, 5060] [4907.406683595167, 4953.928171675286]
1 0 0.002787587232887745 01411 [4870, 5070] [4907.406683595167, 4953.928171675286]
1 0 0.05415263772010803 01411 [4880, 5080] [4907.406683595167, 4953.928171675286]
1 0 0.0011926741572096944 01411 [4890, 5090] [4907.406683595167, 4953.928171675286]
1 0 0.04274296388030052 01411 [4900, 5100] [4907.406683595167, 4953.928171675286]
1 0 0.002050503622740507 49223 [1730, 1930] [1907.966656909673, 1927.8158252694652]
1 0 0.0004494698951020837 49223 [1740, 1940] [1907.966656909673, 1927.8158252694652]
1 0 0.0005276214797049761 49223 [1750, 1950] [1907.966656909673, 1927.8158252694652]
1 0 0.0015012721996754408 49223 [1760, 1960] [1907.966656909673, 1927.8158252694652]
1 0 0.0006474211113527417 49223 [1770, 1970] [1907.966656909673, 1927.8158252694652]
1 0 0.0005699330940842628 49223 [1780, 1980] [1907.966656909673, 1927.8158252694652]
1 0 0.0018866702448576689 49223 [1790, 1990] [1907.966656909673, 1927.8158252694652]
1 0 0.00045035159564577043 49223 [1800, 2000] [1907.966656909673, 1927.8158252694652]
1 0 0.0004921642830595374 49223 [1810, 2010] [1907.966656909673, 1927.8158252694652]
1 0 0.0005261821206659079 49223 [1820, 2020] [1907.966656909673, 1927.8158252694652]
1 0 0.00032183362054638565 49223 [1830, 2030] [1907.966656909673, 1927.8158252694652]
1 0 0.0005488181486725807 49223 [1840, 2040] [1907.966656909673, 1927.8158252694652]
1 0 0.00019427594088483602 49223 [1850, 2050] [1907.966656909673, 1927.8158252694652]
1 0 0.00022230421018321067 49223 [1860, 2060] [1907.966656909673, 1927.8158252694652]
1 0 0.000186356293852441 49223 [1870, 2070] [1907.966656909673, 1927.8158252694652]
1 0 0.00016919685003813356 49223 [1880, 2080] [1907.966656909673, 1927.8158252694652]
1 0 0.0001324010663665831 49223 [1890, 2090] [1907.966656909673, 1927.8158252694652]
1 0 0.00011914030619664118 49223 [1900, 2100] [1907.966656909673, 1927.8158252694652]
1 0 0.00021546156494878232 49223 [3490, 3690] [3655.0593598264404, 3689.1751179448333]
1 0 0.00016459614562336355 49223 [3500, 3700] [3655.0593598264404, 3689.1751179448333]
1 0 0.00043004227336496115 49223 [3510, 3710] [3655.0593598264404, 3689.1751179448333]
1 0 0.00045280138147063553 49223 [3520, 3720] [3655.0593598264404, 3689.1751179448333]
1 0 0.0003666223492473364 49223 [3530, 3730] [3655.0593598264404, 3689.1751179448333]
1 0 0.0003559158358257264 49223 [3540, 3740] [3655.0593598264404, 3689.1751179448333]
1 0 0.00042165102786384523 49223 [3550, 3750] [3655.0593598264404, 3689.1751179448333]
1 0 0.00044059657375328243 49223 [3560, 3760] [3655.0593598264404, 3689.1751179448333]
1 0 0.00017354612646158785 49223 [3570, 3770] [3655.0593598264404, 3689.1751179448333]
1 0 0.00021460209973156452 49223 [3580, 3780] [3655.0593598264404, 3689.1751179448333]
1 0 0.00019137926574330777 49223 [3590, 3790] [3655.0593598264404, 3689.1751179448333]
1 0 0.0002071308554150164 49223 [3600, 3800] [3655.0593598264404, 3689.1751179448333]
1 0 0.0009061399614438415 49223 [3610, 3810] [3655.0593598264404, 3689.1751179448333]
1 0 0.0007871456327848136 49223 [3620, 3820] [3655.0593598264404, 3689.1751179448333]
1 0 0.000526081770658493 49223 [3630, 3830] [3655.0593598264404, 3689.1751179448333]
1 0 0.00044780326425097883 49223 [3640, 3840] [3655.0593598264404, 3689.1751179448333]
1 0 0.00021917563572060317 49223 [3650, 3850] [3655.0593598264404, 3689.1751179448333]
1 0 0.0008676783181726933 50610 [670, 870] [846.3000000000001, 868.1000000000001]
1 0 0.001185374683700502 50610 [680, 880] [846.3000000000001, 868.1000000000001]
1 0 0.0012553258566185832 50610 [690, 890] [846.3000000000001, 868.1000000000001]
1 0 0.000956408679485321 50610 [700, 900] [846.3000000000001, 868.1000000000001]
1 0 0.0008249225793406367 50610 [710, 910] [846.3000000000001, 868.1000000000001]
1 0 0.000320728198857978 50610 [720, 920] [846.3000000000001, 868.1000000000001]
1 0 0.00018959191220346838 50610 [730, 930] [846.3000000000001, 868.1000000000001]
1 0 0.00035417673643678427 50610 [740, 940] [846.3000000000001, 868.1000000000001]
1 0 0.1414330154657364 50610 [1080, 1280] [1251.2, 1273.0]
1 0 0.09545934200286865 50610 [1110, 1310] [1251.2, 1273.0]
1 0 0.08406531810760498 50610 [1140, 1340] [1251.2, 1273.0]
1 0 0.20286327600479126 50610 [1170, 1370] [1251.2, 1273.0]
1 0 0.3216175436973572 50610 [1200, 1400] [1251.2, 1273.0]
1 0 0.00011628954962361604 50619 [1990, 2190] [2152.7999999999997, 2185.0]
1 0 9.605825471226126e-05 50619 [2000, 2200] [2152.7999999999997, 2185.0]
1 0 0.00010421095066703856 50619 [2010, 2210] [2152.7999999999997, 2185.0]
1 0 0.00010988368740072474 50619 [2020, 2220] [2152.7999999999997, 2185.0]
1 0 8.989638445200399e-05 50619 [2030, 2230] [2152.7999999999997, 2185.0]
1 0 0.00011264077329542488 50619 [2040, 2240] [2152.7999999999997, 2185.0]
1 0 9.988744568545371e-05 50619 [2050, 2250] [2152.7999999999997, 2185.0]
1 0 0.00011451262980699539 50619 [2060, 2260] [2152.7999999999997, 2185.0]
1 0 9.896475239656866e-05 50619 [2070, 2270] [2152.7999999999997, 2185.0]
1 0 0.00015751313185319304 50619 [2080, 2280] [2152.7999999999997, 2185.0]
1 0 0.00015613056893926114 50619 [2090, 2290] [2152.7999999999997, 2185.0]
1 0 0.00013675166701432317 50619 [2100, 2300] [2152.7999999999997, 2185.0]
1 0 0.00014093818026594818 50619 [2110, 2310] [2152.7999999999997, 2185.0]
1 0 0.0001022844371618703 50619 [2120, 2320] [2152.7999999999997, 2185.0]
1 0 0.00026404770324006677 50619 [2130, 2330] [2152.7999999999997, 2185.0]
1 0 0.001182356383651495 50619 [2140, 2340] [2152.7999999999997, 2185.0]
1 0 0.0012237390037626028 50619 [2150, 2350] [2152.7999999999997, 2185.0]
1 0 0.0009826172608882189 50619 [2170, 2370] [2309.9, 2363.2000000000003]
1 0 0.001151651842519641 50619 [2180, 2380] [2309.9, 2363.2000000000003]
1 0 0.0012058302527293563 50619 [2190, 2390] [2309.9, 2363.2000000000003]
1 0 0.0009811560157686472 50619 [2200, 2400] [2309.9, 2363.2000000000003]
1 0 0.001156647689640522 50619 [2210, 2410] [2309.9, 2363.2000000000003]
1 0 0.0012903257738798857 50619 [2220, 2420] [2309.9, 2363.2000000000003]
1 0 0.0008520394912920892 50619 [2230, 2430] [2309.9, 2363.2000000000003]
1 0 0.0007469395641237497 50619 [2240, 2440] [2309.9, 2363.2000000000003]
1 0 0.0011981796706095338 50619 [2250, 2450] [2309.9, 2363.2000000000003]
1 0 0.0007965276599861681 50619 [2260, 2460] [2309.9, 2363.2000000000003]
1 0 0.0007075020694173872 50619 [2270, 2470] [2309.9, 2363.2000000000003]
1 0 0.0009643169469200075 50619 [2280, 2480] [2309.9, 2363.2000000000003]
1 0 0.0006616194732487202 50619 [2290, 2490] [2309.9, 2363.2000000000003]
1 0 0.0005668160156346858 50619 [2300, 2500] [2309.9, 2363.2000000000003]
1 0 0.012764401733875275 50619 [3560, 3760] [3733.7000000000003, 3756.9]
1 0 0.002375110751017928 50619 [3570, 3770] [3733.7000000000003, 3756.9]
1 0 0.007352226413786411 50619 [3580, 3780] [3733.7000000000003, 3756.9]
1 0 0.06899721175432205 50619 [3590, 3790] [3733.7000000000003, 3756.9]
1 0 0.011451753787696362 50619 [3600, 3800] [3733.7000000000003, 3756.9]
1 0 0.0594073161482811 50619 [3610, 3810] [3733.7000000000003, 3756.9]
1 0 0.1486888825893402 50619 [3620, 3820] [3733.7000000000003, 3756.9]
1 0 0.02319573424756527 50619 [3630, 3830] [3733.7000000000003, 3756.9]
1 0 0.053069714456796646 50619 [3640, 3840] [3733.7000000000003, 3756.9]
1 0 0.4239453971385956 50619 [3650, 3850] [3733.7000000000003, 3756.9]
1 0 0.03637953847646713 50619 [3660, 3860] [3733.7000000000003, 3756.9]
1 0 0.06841184943914413 50619 [3670, 3870] [3733.7000000000003, 3756.9]
1 0 0.2610100209712982 50619 [3680, 3880] [3733.7000000000003, 3756.9]
1 0 0.07095076888799667 50619 [3690, 3890] [3733.7000000000003, 3756.9]
1 0 0.035573817789554596 50619 [3700, 3900] [3733.7000000000003, 3756.9]
1 0 0.1762228012084961 50619 [3710, 3910] [3733.7000000000003, 3756.9]
1 0 0.16489866375923157 50619 [3720, 3920] [3733.7000000000003, 3756.9]
1 0 0.11888983100652695 50619 [3730, 3930] [3733.7000000000003, 3756.9]
1 0 0.18063297867774963 48416 [3200, 3400] [3348.8, 3392.4]
1 0 0.13631361722946167 48416 [3230, 3430] [3348.8, 3392.4]
1 0 0.015411204658448696 48416 [3260, 3460] [3348.8, 3392.4]
1 0 0.2863883972167969 48416 [3290, 3490] [3348.8, 3392.4]
1 0 0.06691238284111023 48416 [3320, 3520] [3348.8, 3392.4]
1 0 0.43241599202156067 48416 [3330, 3530] [3348.8, 3392.4]
1 0 0.4794098734855652 48416 [3840, 4040] [3974.3, 4014.1]
1 0 0.41700056195259094 50522 [2760, 2960] [2895.6, 2955.2]
1 0 0.15928561985492706 50522 [2780, 2980] [2895.6, 2955.2]
1 0 0.49682173132896423 50522 [2790, 2990] [2895.6, 2955.2]
1 0 0.07812090218067169 50522 [2810, 3010] [2895.6, 2955.2]
1 0 0.24879805743694305 50522 [2820, 3020] [2895.6, 2955.2]
1 0 0.4171973466873169 50522 [2840, 3040] [2895.6, 2955.2]
1 0 0.3642367422580719 49121 [4090, 4290] [4091.7999999999997, 4119.700000000001]
1 0 0.12134266644716263 10127 [510, 710] [660.0216519163884, 701.580848169703]
1 0 0.3611301779747009 10127 [530, 730] [660.0216519163884, 701.580848169703]
1 0 0.18424224853515625 10127 [540, 740] [660.0216519163884, 701.580848169703]
1 0 0.41949787735939026 10127 [570, 770] [660.0216519163884, 701.580848169703]
1 0 0.3951164484024048 10127 [660, 860] [660.0216519163884, 701.580848169703]
1 0 0.016127856448292732 01107 [710, 910] [884.4, 907.1]
1 0 0.0037305664736777544 01107 [720, 920] [884.4, 907.1]
1 0 0.48346230387687683 01107 [730, 930] [884.4, 907.1]
1 0 0.023359514772892 01107 [740, 940] [884.4, 907.1]
1 0 0.004549194127321243 01107 [750, 950] [884.4, 907.1]
1 0 0.02305886708199978 01107 [770, 970] [884.4, 907.1]
1 0 0.007613110821694136 01107 [780, 980] [884.4, 907.1]
1 0 0.02362247183918953 01107 [800, 1000] [884.4, 907.1]
1 0 0.0013035315787419677 01107 [810, 1010] [884.4, 907.1]
1 0 0.2901730239391327 01107 [820, 1020] [884.4, 907.1]
1 0 0.006664835382252932 01107 [830, 1030] [884.4, 907.1]
1 0 0.04612138494849205 01107 [840, 1040] [884.4, 907.1]
1 0 0.3296080231666565 01107 [850, 1050] [884.4, 907.1]
1 0 0.013970783911645412 01107 [860, 1060] [884.4, 907.1]
1 0 0.028865383937954903 01107 [870, 1070] [884.4, 907.1]
1 0 0.06311696022748947 01107 [880, 1080] [884.4, 907.1]
1 0 0.1749311089515686 01107 [1760, 1960] [1867.2, 1934.3]
1 0 0.47333571314811707 01107 [1770, 1970] [1867.2, 1934.3]
1 0 0.2099877893924713 01107 [1790, 1990] [1867.2, 1934.3]
1 0 0.27913644909858704 01107 [1820, 2020] [1867.2, 1934.3]
1 0 0.4618074893951416 01107 [2450, 2650] [2610.4, 2642.1]
1 0 0.03473915159702301 01107 [2460, 2660] [2610.4, 2642.1]
1 0 0.4001990556716919 01107 [2470, 2670] [2610.4, 2642.1]
1 0 0.4907362163066864 01107 [2480, 2680] [2610.4, 2642.1]
1 0 0.1981973648071289 01107 [2490, 2690] [2610.4, 2642.1]
1 0 0.07889243960380554 01107 [2520, 2720] [2610.4, 2642.1]
1 0 0.31840649247169495 01107 [2530, 2730] [2610.4, 2642.1]
1 0 0.030477376654744148 01107 [2550, 2750] [2610.4, 2642.1]
1 0 0.44027164578437805 01107 [2560, 2760] [2610.4, 2642.1]
1 0 0.03625962510704994 01107 [2580, 2780] [2610.4, 2642.1]
1 0 0.20239487290382385 01107 [2600, 2800] [2610.4, 2642.1]
1 0 0.0004229374462738633 01107 [2610, 2810] [2610.4, 2642.1]
1 0 0.16718195378780365 48407 [4730, 4930] [4883.3, 4921.200000000001]
1 0 0.11970342695713043 48407 [4760, 4960] [4883.3, 4921.200000000001]
1 0 0.13592298328876495 48407 [4790, 4990] [4883.3, 4921.200000000001]
1 0 0.04163921996951103 48407 [4820, 5020] [4883.3, 4921.200000000001]
1 0 0.029799411073327065 48407 [4850, 5050] [4883.3, 4921.200000000001]
1 0 0.19161701202392578 48407 [4860, 5060] [4883.3, 4921.200000000001]
1 0 0.011627775616943836 48407 [4880, 5080] [4883.3, 4921.200000000001]
1 0 0.0013598279329016805 32504 [4930, 5130] [5091.313306740108, 5122.9479188135265]
1 0 0.0011134708765894175 32504 [4940, 5140] [5091.313306740108, 5122.9479188135265]
1 0 0.0012024333700537682 32504 [4950, 5150] [5091.313306740108, 5122.9479188135265]
1 0 0.001414935803040862 32504 [4960, 5160] [5091.313306740108, 5122.9479188135265]
1 0 0.0012174119474366307 32504 [4970, 5170] [5091.313306740108, 5122.9479188135265]
1 0 0.0014207331696525216 32504 [4980, 5180] [5091.313306740108, 5122.9479188135265]
1 0 0.0013563125394284725 32504 [4990, 5190] [5091.313306740108, 5122.9479188135265]
1 0 0.0019075769232586026 32504 [5000, 5200] [5091.313306740108, 5122.9479188135265]
1 0 0.002249562181532383 32504 [5010, 5210] [5091.313306740108, 5122.9479188135265]
1 0 0.0014672336401417851 32504 [5020, 5220] [5091.313306740108, 5122.9479188135265]
1 0 0.0012368867173790932 32504 [5030, 5230] [5091.313306740108, 5122.9479188135265]
1 0 0.00233420729637146 32504 [5040, 5240] [5091.313306740108, 5122.9479188135265]
1 0 0.0008671509567648172 32504 [5050, 5250] [5091.313306740108, 5122.9479188135265]
1 0 0.0010445243678987026 32504 [5060, 5260] [5091.313306740108, 5122.9479188135265]
1 0 0.0028344481252133846 32504 [5070, 5270] [5091.313306740108, 5122.9479188135265]
1 0 0.0012371871853247285 32504 [5080, 5280] [5091.313306740108, 5122.9479188135265]
1 0 0.0027837827801704407 32504 [5090, 5290] [5091.313306740108, 5122.9479188135265]
1 0 0.2538457214832306 49609 [760, 960] [912.0000000000001, 944.9]
1 0 0.4417521357536316 49609 [820, 1020] [912.0000000000001, 944.9]
1 0 0.013971702195703983 49609 [3630, 3830] [3779.1000000000004, 3807.6]
1 0 0.012159123085439205 49609 [3660, 3860] [3779.1000000000004, 3807.6]
1 0 0.0006753854104317725 49609 [4690, 4890] [4799.900000000001, 4833.3]
1 0 0.00034861903986893594 49609 [4700, 4900] [4799.900000000001, 4833.3]
1 0 0.0002850193704944104 49609 [4710, 4910] [4799.900000000001, 4833.3]
1 0 0.00022849229571875185 49609 [4720, 4920] [4799.900000000001, 4833.3]
1 0 0.00015092258399818093 49609 [4730, 4930] [4799.900000000001, 4833.3]
1 0 9.585950465407223e-05 49609 [4740, 4940] [4799.900000000001, 4833.3]
1 0 8.021732355700806e-05 49609 [4750, 4950] [4799.900000000001, 4833.3]
1 0 9.096533176489174e-05 49609 [4760, 4960] [4799.900000000001, 4833.3]
1 0 0.00010586629650788382 49609 [4770, 4970] [4799.900000000001, 4833.3]
1 0 9.414589294465259e-05 49609 [4780, 4980] [4799.900000000001, 4833.3]
1 0 0.00027617631712928414 49609 [4790, 4990] [4799.900000000001, 4833.3]
1 0 8.246584911830723e-05 49609 [4820, 5020] [4981.0, 5010.8]
1 0 0.00016897758177947253 49609 [4830, 5030] [4981.0, 5010.8]
1 0 0.0004381777544040233 49609 [4840, 5040] [4981.0, 5010.8]
1 0 0.0003155722515657544 49609 [4850, 5050] [4981.0, 5010.8]
1 0 0.00045054013025946915 49609 [4860, 5060] [4981.0, 5010.8]
1 0 0.0003583814832381904 49609 [4870, 5070] [4981.0, 5010.8]
1 0 0.00036766717676073313 49609 [4880, 5080] [4981.0, 5010.8]
1 0 0.0003544604987837374 49609 [4890, 5090] [4981.0, 5010.8]
1 0 0.0003523074265103787 49609 [4900, 5100] [4981.0, 5010.8]
1 0 0.0006441870355047286 49609 [4910, 5110] [4981.0, 5010.8]
1 0 0.000610112096183002 49609 [4920, 5120] [4981.0, 5010.8]
1 0 0.00031340602436102927 49609 [4930, 5130] [4981.0, 5010.8]
1 0 0.00016380625311285257 49609 [4940, 5140] [4981.0, 5010.8]
1 0 0.00015013414667919278 49609 [4950, 5150] [4981.0, 5010.8]
1 0 7.830949471099302e-05 49609 [4960, 5160] [4981.0, 5010.8]
1 0 0.00015493079263251275 49609 [4970, 5170] [4981.0, 5010.8]
1 0 0.00045991205843165517 49609 [4980, 5180] [4981.0, 5010.8]
1 0 0.3553495705127716 03404 [40, 240] [184.91898825717143, 232.06076311167746]
1 0 0.20664848387241364 03404 [50, 250] [184.91898825717143, 232.06076311167746]
1 0 0.07454483956098557 03404 [60, 260] [184.91898825717143, 232.06076311167746]
1 0 0.3561013638973236 03404 [70, 270] [184.91898825717143, 232.06076311167746]
1 0 0.417659193277359 03404 [80, 280] [184.91898825717143, 232.06076311167746]
1 0 0.16680175065994263 03404 [90, 290] [184.91898825717143, 232.06076311167746]
1 0 0.4857851564884186 03404 [100, 300] [184.91898825717143, 232.06076311167746]
1 0 0.47484421730041504 03404 [110, 310] [184.91898825717143, 232.06076311167746]
1 0 0.1650961935520172 03404 [120, 320] [184.91898825717143, 232.06076311167746]
1 0 0.4140758514404297 03404 [150, 350] [184.91898825717143, 232.06076311167746]
1 0 0.04535872861742973 03404 [180, 380] [184.91898825717143, 232.06076311167746]
1 0 0.20520715415477753 03404 [2050, 2250] [2109.7934757109665, 2164.3786887003944]
1 0 0.36939460039138794 03404 [2070, 2270] [2109.7934757109665, 2164.3786887003944]
1 0 0.3326304852962494 03404 [2080, 2280] [2109.7934757109665, 2164.3786887003944]
1 0 0.3749453127384186 03404 [3510, 3710] [3658.377538388994, 3681.948425816247]
1 0 0.3732374608516693 03404 [3540, 3740] [3658.377538388994, 3681.948425816247]
1 0 0.2658150792121887 03404 [3570, 3770] [3658.377538388994, 3681.948425816247]
1 0 0.2836964726448059 03404 [3600, 3800] [3658.377538388994, 3681.948425816247]
1 0 0.3121127188205719 03404 [3630, 3830] [3658.377538388994, 3681.948425816247]
1 0 0.24096132814884186 03404 [3640, 3840] [3658.377538388994, 3681.948425816247]
1 0 0.3931266665458679 03404 [3650, 3850] [3658.377538388994, 3681.948425816247]
1 0 0.2931739091873169 01111 [820, 1020] [827.5, 838.1]
1 0 0.01162135973572731 01111 [860, 1060] [1040.9, 1054.0]
1 0 0.009145173244178295 01111 [870, 1070] [1040.9, 1054.0]
1 0 0.026646019890904427 01111 [880, 1080] [1040.9, 1054.0]
1 0 0.047946568578481674 01111 [890, 1090] [1040.9, 1054.0]
1 0 0.0069257281720638275 01111 [900, 1100] [1040.9, 1054.0]
1 0 0.013740845955908298 01111 [910, 1110] [1040.9, 1054.0]
1 0 0.029679104685783386 01111 [920, 1120] [1040.9, 1054.0]
1 0 0.00753446202725172 01111 [930, 1130] [1040.9, 1054.0]
1 0 0.018035875633358955 01111 [940, 1140] [1040.9, 1054.0]
1 0 0.04815370589494705 01111 [950, 1150] [1040.9, 1054.0]
1 0 0.008396589197218418 01111 [960, 1160] [1040.9, 1054.0]
1 0 0.01703239418566227 01111 [970, 1170] [1040.9, 1054.0]
1 0 0.040485791862010956 01111 [980, 1180] [1040.9, 1054.0]
1 0 0.03202155604958534 01111 [990, 1190] [1040.9, 1054.0]
1 0 0.11404793709516525 01111 [1000, 1200] [1040.9, 1054.0]
1 0 0.0001560319069540128 50514 [1900, 2100] [2080.5, 2097.4]
1 0 0.001343832816928625 50514 [1910, 2110] [2080.5, 2097.4]
1 0 0.0013870085822418332 50514 [1920, 2120] [2080.5, 2097.4]
1 0 0.0003095515421591699 50514 [1930, 2130] [2080.5, 2097.4]
1 0 0.0007203448913060129 50514 [1940, 2140] [2080.5, 2097.4]
1 0 0.0010781324235722423 50514 [1950, 2150] [2080.5, 2097.4]
1 0 0.0002803585084620863 50514 [1960, 2160] [2080.5, 2097.4]
1 0 0.0045922487042844296 50514 [1970, 2170] [2080.5, 2097.4]
1 0 0.0047174557112157345 50514 [1980, 2180] [2080.5, 2097.4]
1 0 0.0006354612414725125 50514 [1990, 2190] [2080.5, 2097.4]
1 0 0.005600518546998501 50514 [2000, 2200] [2080.5, 2097.4]
1 0 0.0036476743407547474 50514 [2010, 2210] [2080.5, 2097.4]
1 0 0.0007933831657283008 50514 [2020, 2220] [2080.5, 2097.4]
1 0 0.0023392108269035816 50514 [2030, 2230] [2080.5, 2097.4]
1 0 0.001392053789459169 50514 [2040, 2240] [2080.5, 2097.4]
1 0 0.00026808050461113453 50514 [2050, 2250] [2080.5, 2097.4]
1 0 0.006638350430876017 50514 [2060, 2260] [2080.5, 2097.4]
1 0 0.025427885353565216 50514 [2070, 2270] [2080.5, 2097.4]
1 0 0.0002477297675795853 50514 [2080, 2280] [2080.5, 2097.4]
1 0 0.008673992939293385 13607 [700, 900] [702.3840783084817, 737.7404094493611]
1 0 0.028659339994192123 13607 [2860, 3060] [3022.804461241778, 3050.0970677364917]
1 0 0.37482523918151855 13607 [2870, 3070] [3022.804461241778, 3050.0970677364917]
1 0 0.03071107156574726 13607 [2890, 3090] [3022.804461241778, 3050.0970677364917]
1 0 0.37907058000564575 13607 [2900, 3100] [3022.804461241778, 3050.0970677364917]
1 0 0.030344152823090553 13607 [2920, 3120] [3022.804461241778, 3050.0970677364917]
1 0 0.3750865161418915 13607 [2930, 3130] [3022.804461241778, 3050.0970677364917]
1 0 0.0469190813601017 13607 [2950, 3150] [3022.804461241778, 3050.0970677364917]
1 0 0.44536536931991577 13607 [2960, 3160] [3022.804461241778, 3050.0970677364917]
1 0 0.05917742848396301 13607 [2980, 3180] [3022.804461241778, 3050.0970677364917]
1 0 0.08882391452789307 13607 [3010, 3210] [3022.804461241778, 3050.0970677364917]
1 0 0.055948130786418915 13607 [4270, 4470] [4415.276223354799, 4468.620863321739]
1 0 0.0013607200235128403 13607 [4280, 4480] [4415.276223354799, 4468.620863321739]
1 0 0.0030980780720710754 13607 [4290, 4490] [4415.276223354799, 4468.620863321739]
1 0 0.01751754805445671 13607 [4300, 4500] [4415.276223354799, 4468.620863321739]
1 0 0.0014495329232886434 13607 [4310, 4510] [4415.276223354799, 4468.620863321739]
1 0 0.003231023671105504 13607 [4320, 4520] [4415.276223354799, 4468.620863321739]
1 0 0.01702314428985119 13607 [4330, 4530] [4415.276223354799, 4468.620863321739]
1 0 0.0013746264157816768 13607 [4340, 4540] [4415.276223354799, 4468.620863321739]
1 0 0.003337579546496272 13607 [4350, 4550] [4415.276223354799, 4468.620863321739]
1 0 0.025387432426214218 13607 [4360, 4560] [4415.276223354799, 4468.620863321739]
1 0 0.002049559261649847 13607 [4370, 4570] [4415.276223354799, 4468.620863321739]
1 0 0.010962414555251598 13607 [4380, 4580] [4415.276223354799, 4468.620863321739]
1 0 0.09535521268844604 13607 [4390, 4590] [4415.276223354799, 4468.620863321739]
1 0 0.013228235766291618 13607 [4400, 4600] [4415.276223354799, 4468.620863321739]
1 0 0.1087980642914772 13607 [4410, 4610] [4415.276223354799, 4468.620863321739]
1 0 0.49971574544906616 47309 [1090, 1290] [1255.6000000000001, 1272.2]
1 0 0.48366209864616394 47309 [1140, 1340] [1255.6000000000001, 1272.2]
1 0 0.0053187147714197636 47309 [2380, 2580] [2556.4, 2579.8]
1 0 0.001997030107304454 47309 [2390, 2590] [2556.4, 2579.8]
1 0 0.0693553239107132 47309 [2400, 2600] [2556.4, 2579.8]
1 0 0.008216188289225101 47309 [2410, 2610] [2556.4, 2579.8]
1 0 0.0008698795572854578 47309 [2420, 2620] [2556.4, 2579.8]
1 0 0.0014410018920898438 47309 [2440, 2640] [2556.4, 2579.8]
1 0 0.0008161460282281041 47309 [2450, 2650] [2556.4, 2579.8]
1 0 0.3209711015224457 47309 [2460, 2660] [2556.4, 2579.8]
1 0 0.0008112557698041201 47309 [2470, 2670] [2556.4, 2579.8]
1 0 0.0005952351493760943 47309 [2480, 2680] [2556.4, 2579.8]
1 0 0.07418101280927658 47309 [2490, 2690] [2556.4, 2579.8]
1 0 0.0009174179285764694 47309 [2500, 2700] [2556.4, 2579.8]
1 0 0.00042460585245862603 47309 [2510, 2710] [2556.4, 2579.8]
1 0 0.03506281226873398 47309 [2520, 2720] [2556.4, 2579.8]
1 0 0.0005708809476345778 47309 [2530, 2730] [2556.4, 2579.8]
1 0 0.00036153694964013994 47309 [2540, 2740] [2556.4, 2579.8]
1 0 0.1304965615272522 47309 [2550, 2750] [2556.4, 2579.8]
1 0 0.4182140529155731 48614 [1760, 1960] [1798.3, 1818.8]
1 0 0.21754419803619385 50630 [1310, 1510] [1458.2, 1504.5]
1 0 0.2197992205619812 50630 [1340, 1540] [1458.2, 1504.5]
1 0 0.42262011766433716 50630 [1370, 1570] [1458.2, 1504.5]
1 0 0.3084133267402649 50630 [1400, 1600] [1458.2, 1504.5]
1 0 4.160610114922747e-05 01121 [1570, 1770] [1689.7000000000003, 1763.3]
1 0 4.325781628722325e-05 01121 [1580, 1780] [1689.7000000000003, 1763.3]
1 0 4.946927583659999e-05 01121 [1590, 1790] [1689.7000000000003, 1763.3]
1 0 2.5345816538902e-05 01121 [1600, 1800] [1689.7000000000003, 1763.3]
1 0 3.3562653698027134e-05 01121 [1610, 1810] [1689.7000000000003, 1763.3]
1 0 4.506422919803299e-05 01121 [1620, 1820] [1689.7000000000003, 1763.3]
1 0 1.9378221622901037e-05 01121 [1630, 1830] [1689.7000000000003, 1763.3]
1 0 2.3318842067965306e-05 01121 [1640, 1840] [1689.7000000000003, 1763.3]
1 0 1.8676255422178656e-05 01121 [1650, 1850] [1689.7000000000003, 1763.3]
1 0 1.8304448531125672e-05 01121 [1660, 1860] [1689.7000000000003, 1763.3]
1 0 1.6377331121475436e-05 01121 [1670, 1870] [1689.7000000000003, 1763.3]
1 0 1.932179475261364e-05 01121 [1680, 1880] [1689.7000000000003, 1763.3]
1 0 0.47000470757484436 49306 [790, 990] [959.4, 986.7]
1 0 0.390567809343338 49306 [800, 1000] [959.4, 986.7]
1 0 0.4203534722328186 49306 [820, 1020] [959.4, 986.7]
1 0 0.3877124786376953 47323 [2060, 2260] [2193.4, 2247.1]
1 0 0.4186159074306488 47323 [2070, 2270] [2193.4, 2247.1]
1 0 0.008172883652150631 50426 [1770, 1970] [1944.2, 1967.3000000000002]
1 0 0.0015884246677160263 50426 [1780, 1980] [1944.2, 1967.3000000000002]
1 0 0.01729648746550083 50426 [1790, 1990] [1944.2, 1967.3000000000002]
1 0 0.013694937340915203 50426 [1800, 2000] [1944.2, 1967.3000000000002]
1 0 0.0012256491463631392 50426 [1810, 2010] [1944.2, 1967.3000000000002]
1 0 0.0627257451415062 50426 [1820, 2020] [1944.2, 1967.3000000000002]
1 0 0.12223951518535614 50426 [1830, 2030] [1944.2, 1967.3000000000002]
1 0 0.003165957983583212 50426 [1840, 2040] [1944.2, 1967.3000000000002]
1 0 0.058451633900403976 50426 [1850, 2050] [1944.2, 1967.3000000000002]
1 0 0.15810991823673248 50426 [1860, 2060] [1944.2, 1967.3000000000002]
1 0 0.008672155439853668 50426 [1870, 2070] [1944.2, 1967.3000000000002]
1 0 0.059057094156742096 50426 [1880, 2080] [1944.2, 1967.3000000000002]
1 0 0.14817000925540924 50426 [1890, 2090] [1944.2, 1967.3000000000002]
1 0 0.007710430305451155 50426 [1900, 2100] [1944.2, 1967.3000000000002]
1 0 0.04476196691393852 50426 [1910, 2110] [1944.2, 1967.3000000000002]
1 0 0.28861910104751587 49504 [960, 1160] [1123.4, 1138.3000000000002]
1 0 0.2262062281370163 49504 [990, 1190] [1123.4, 1138.3000000000002]
1 0 0.21837101876735687 49504 [1020, 1220] [1123.4, 1138.3000000000002]
1 0 0.30187511444091797 49504 [1050, 1250] [1123.4, 1138.3000000000002]
1 0 0.0006164163933135569 29403 [2040, 2240] [2208.1853283515275, 2239.199653913702]
1 0 0.0006035206024535 29403 [2050, 2250] [2208.1853283515275, 2239.199653913702]
1 0 0.000570761039853096 29403 [2060, 2260] [2208.1853283515275, 2239.199653913702]
1 0 0.0005204264307394624 29403 [2070, 2270] [2208.1853283515275, 2239.199653913702]
1 0 0.0005466585280373693 29403 [2080, 2280] [2208.1853283515275, 2239.199653913702]
1 0 0.0005529334885068238 29403 [2090, 2290] [2208.1853283515275, 2239.199653913702]
1 0 0.0007390632526949048 29403 [2100, 2300] [2208.1853283515275, 2239.199653913702]
1 0 0.00045408730511553586 29403 [2110, 2310] [2208.1853283515275, 2239.199653913702]
1 0 0.0005742747453041375 29403 [2120, 2320] [2208.1853283515275, 2239.199653913702]
1 0 0.00042405910789966583 29403 [2130, 2330] [2208.1853283515275, 2239.199653913702]
1 0 0.00037007828359492123 29403 [2140, 2340] [2208.1853283515275, 2239.199653913702]
1 0 0.0006270165322348475 29403 [2150, 2350] [2208.1853283515275, 2239.199653913702]
1 0 0.0012304509291425347 29403 [2160, 2360] [2208.1853283515275, 2239.199653913702]
1 0 0.0013450570404529572 29403 [2170, 2370] [2208.1853283515275, 2239.199653913702]
1 0 0.0011936789378523827 29403 [2180, 2380] [2208.1853283515275, 2239.199653913702]
1 0 0.001015546265989542 29403 [2190, 2390] [2208.1853283515275, 2239.199653913702]
1 0 0.0007331558736041188 29403 [2200, 2400] [2208.1853283515275, 2239.199653913702]
1 0 0.04926643148064613 49302 [2840, 3040] [2999.1, 3038.2000000000003]
1 0 0.019424457103013992 49302 [2850, 3050] [2999.1, 3038.2000000000003]
1 0 0.04888945445418358 49302 [2860, 3060] [2999.1, 3038.2000000000003]
1 0 0.03143921121954918 49302 [2870, 3070] [2999.1, 3038.2000000000003]
1 0 0.012050203047692776 49302 [2880, 3080] [2999.1, 3038.2000000000003]
1 0 0.03636521100997925 49302 [2890, 3090] [2999.1, 3038.2000000000003]
1 0 0.013494365848600864 49302 [2900, 3100] [2999.1, 3038.2000000000003]
1 0 0.023659424856305122 49302 [2910, 3110] [2999.1, 3038.2000000000003]
1 0 0.13248275220394135 49302 [2920, 3120] [2999.1, 3038.2000000000003]
1 0 0.1519789844751358 49302 [2930, 3130] [2999.1, 3038.2000000000003]
1 0 0.16833285987377167 49302 [2940, 3140] [2999.1, 3038.2000000000003]
1 0 0.2467372715473175 49302 [2950, 3150] [2999.1, 3038.2000000000003]
1 0 0.11066467314958572 49302 [2960, 3160] [2999.1, 3038.2000000000003]
1 0 0.07476578652858734 49302 [2970, 3170] [2999.1, 3038.2000000000003]
1 0 0.18025286495685577 49302 [2980, 3180] [2999.1, 3038.2000000000003]
1 0 0.292927622795105 49302 [2990, 3190] [2999.1, 3038.2000000000003]
1 0 0.00023573606449645013 49302 [3510, 3710] [3616.1000000000004, 3660.1]
1 0 0.0005239651654846966 49302 [3520, 3720] [3616.1000000000004, 3660.1]
1 0 0.00036434162757359445 49302 [3530, 3730] [3616.1000000000004, 3660.1]
1 0 0.0005393906612880528 49302 [3540, 3740] [3616.1000000000004, 3660.1]
1 0 0.0019271677592769265 49302 [3550, 3750] [3616.1000000000004, 3660.1]
1 0 0.0006835635867901146 49302 [3560, 3760] [3616.1000000000004, 3660.1]
1 0 0.001090408070012927 49302 [3570, 3770] [3616.1000000000004, 3660.1]
1 0 0.003447961062192917 49302 [3580, 3780] [3616.1000000000004, 3660.1]
1 0 0.001446214853785932 49302 [3590, 3790] [3616.1000000000004, 3660.1]
1 0 0.0012549947714433074 49302 [3600, 3800] [3616.1000000000004, 3660.1]
1 0 0.00047293963143602014 49302 [3610, 3810] [3616.1000000000004, 3660.1]
1 0 0.007824198342859745 50409 [1530, 1730] [1707.1999999999998, 1725.1999999999998]
1 0 0.006939052138477564 50409 [1540, 1740] [1707.1999999999998, 1725.1999999999998]
1 0 0.0009559969184920192 50409 [1550, 1750] [1707.1999999999998, 1725.1999999999998]
1 0 0.011969644576311111 50409 [1560, 1760] [1707.1999999999998, 1725.1999999999998]
1 0 0.013866621069610119 50409 [1570, 1770] [1707.1999999999998, 1725.1999999999998]
1 0 0.0016172879841178656 50409 [1580, 1780] [1707.1999999999998, 1725.1999999999998]
1 0 0.012843877077102661 50409 [1590, 1790] [1707.1999999999998, 1725.1999999999998]
1 0 0.017956923693418503 50409 [1600, 1800] [1707.1999999999998, 1725.1999999999998]
1 0 0.0031789850909262896 50409 [1610, 1810] [1707.1999999999998, 1725.1999999999998]
1 0 0.028074190020561218 50409 [1620, 1820] [1707.1999999999998, 1725.1999999999998]
1 0 0.06229633837938309 50409 [1630, 1830] [1707.1999999999998, 1725.1999999999998]
1 0 0.018788263201713562 50409 [1640, 1840] [1707.1999999999998, 1725.1999999999998]
1 0 0.19352369010448456 50409 [1650, 1850] [1707.1999999999998, 1725.1999999999998]
1 0 0.3185621500015259 50409 [1660, 1860] [1707.1999999999998, 1725.1999999999998]
1 0 0.0368613637983799 50409 [1670, 1870] [1707.1999999999998, 1725.1999999999998]
1 0 0.21813035011291504 50409 [1680, 1880] [1707.1999999999998, 1725.1999999999998]
1 0 0.18656662106513977 50409 [1690, 1890] [1707.1999999999998, 1725.1999999999998]
1 0 0.013404383324086666 50409 [1700, 1900] [1707.1999999999998, 1725.1999999999998]
1 0 0.0003198466438334435 50409 [3200, 3400] [3315.9, 3346.3999999999996]
1 0 0.0004527103737927973 50409 [3210, 3410] [3315.9, 3346.3999999999996]
1 0 0.0003224119427613914 50409 [3220, 3420] [3315.9, 3346.3999999999996]
1 0 0.0003220890066586435 50409 [3230, 3430] [3315.9, 3346.3999999999996]
1 0 0.0004402384511195123 50409 [3240, 3440] [3315.9, 3346.3999999999996]
1 0 0.0005201718304306269 50409 [3250, 3450] [3315.9, 3346.3999999999996]
1 0 0.0009427429758943617 50409 [3260, 3460] [3315.9, 3346.3999999999996]
1 0 0.0009815224912017584 50409 [3270, 3470] [3315.9, 3346.3999999999996]
1 0 0.000832454941701144 50409 [3280, 3480] [3315.9, 3346.3999999999996]
1 0 0.001340758870355785 50409 [3290, 3490] [3315.9, 3346.3999999999996]
1 0 0.0018444035667926073 50409 [3300, 3500] [3315.9, 3346.3999999999996]
1 0 0.0026676279958337545 50409 [3310, 3510] [3315.9, 3346.3999999999996]
1 0 0.0003779317776206881 50409 [3320, 3520] [3354.5, 3381.2]
1 0 0.000792144681327045 50409 [3330, 3530] [3354.5, 3381.2]
1 0 0.00046484891208820045 50409 [3340, 3540] [3354.5, 3381.2]
1 0 0.0025807321071624756 50409 [3350, 3550] [3354.5, 3381.2]
1 0 0.16627562046051025 50409 [3680, 3880] [3855.1000000000004, 3879.2999999999997]
1 0 0.34614434838294983 50409 [3730, 3930] [3855.1000000000004, 3879.2999999999997]
1 0 0.3789461851119995 50409 [3760, 3960] [3855.1000000000004, 3879.2999999999997]
1 0 0.171541228890419 50409 [3820, 4020] [3855.1000000000004, 3879.2999999999997]
1 0 0.3448471426963806 50409 [3830, 4030] [3855.1000000000004, 3879.2999999999997]
1 0 0.011223924346268177 50409 [3850, 4050] [3855.1000000000004, 3879.2999999999997]
1 0 3.2064384868135676e-05 50418 [1690, 1890] [1862.3999999999999, 1882.7000000000003]
1 0 3.165235466440208e-05 50418 [1700, 1900] [1862.3999999999999, 1882.7000000000003]
1 0 3.180327985319309e-05 50418 [1710, 1910] [1862.3999999999999, 1882.7000000000003]
1 0 3.878854840877466e-05 50418 [1720, 1920] [1862.3999999999999, 1882.7000000000003]
1 0 6.736291106790304e-05 50418 [1730, 1930] [1862.3999999999999, 1882.7000000000003]
1 0 4.321118467487395e-05 50418 [1740, 1940] [1862.3999999999999, 1882.7000000000003]
1 0 4.02809091610834e-05 50418 [1750, 1950] [1862.3999999999999, 1882.7000000000003]
1 0 6.954791024327278e-05 50418 [1760, 1960] [1862.3999999999999, 1882.7000000000003]
1 0 6.417281110771e-05 50418 [1770, 1970] [1862.3999999999999, 1882.7000000000003]
1 0 6.996565207373351e-05 50418 [1780, 1980] [1862.3999999999999, 1882.7000000000003]
1 0 0.000116211966087576 50418 [1790, 1990] [1862.3999999999999, 1882.7000000000003]
1 0 8.173991955118254e-05 50418 [1800, 2000] [1862.3999999999999, 1882.7000000000003]
1 0 8.32136211101897e-05 50418 [1810, 2010] [1862.3999999999999, 1882.7000000000003]
1 0 0.42215633392333984 50418 [1820, 2020] [1862.3999999999999, 1882.7000000000003]
1 0 0.0005267252563498914 47518 [120, 320] [282.26716656909673, 317.0032111987328]
1 0 0.0001515078474767506 47518 [130, 330] [282.26716656909673, 317.0032111987328]
1 0 0.0002107417385559529 47518 [140, 340] [282.26716656909673, 317.0032111987328]
1 0 0.002033481141552329 47518 [150, 350] [282.26716656909673, 317.0032111987328]
1 0 0.00023350804985966533 47518 [160, 360] [282.26716656909673, 317.0032111987328]
1 0 0.0006214434979483485 47518 [170, 370] [282.26716656909673, 317.0032111987328]
1 0 0.0022911480627954006 47518 [180, 380] [282.26716656909673, 317.0032111987328]
1 0 0.0002570610959082842 47518 [190, 390] [282.26716656909673, 317.0032111987328]
1 0 0.0008321242639794946 47518 [200, 400] [282.26716656909673, 317.0032111987328]
1 0 0.0024851413909345865 47518 [210, 410] [282.26716656909673, 317.0032111987328]
1 0 0.0007479873602278531 47518 [220, 420] [282.26716656909673, 317.0032111987328]
1 0 0.0016435986617580056 47518 [230, 430] [282.26716656909673, 317.0032111987328]
1 0 0.004145232494920492 47518 [240, 440] [282.26716656909673, 317.0032111987328]
1 0 0.0007052422151900828 47518 [250, 450] [282.26716656909673, 317.0032111987328]
1 0 0.0017415009206160903 47518 [260, 460] [282.26716656909673, 317.0032111987328]
1 0 0.08392222225666046 47518 [270, 470] [282.26716656909673, 317.0032111987328]
1 0 0.0003954376152250916 47518 [280, 480] [282.26716656909673, 317.0032111987328]
