true_label pred_label pred_prob file time_range filler
0 1 0.8188201785087585 27520 [3900, 4100] None
0 1 0.9308105707168579 50414 [4540, 4740] None
0 1 0.7019197344779968 50414 [4570, 4770] None
0 1 0.6631198525428772 50414 [4600, 4800] None
0 1 0.7100937962532043 50414 [4630, 4830] None
0 1 0.6900796890258789 50414 [4660, 4860] None
0 1 0.7389233112335205 50414 [4690, 4890] None
0 1 0.7261633276939392 50414 [5260, 5460] None
0 1 0.9929989576339722 50414 [5270, 5470] None
0 1 0.9956325888633728 50414 [5280, 5480] None
0 1 0.9970280528068542 50414 [5290, 5490] None
0 1 0.9970898032188416 50414 [5300, 5500] None
0 1 0.997005045413971 50414 [5310, 5510] None
0 1 0.9974442720413208 50414 [5320, 5520] None
0 1 0.9971038699150085 50414 [5330, 5530] None
0 1 0.9970133304595947 50414 [5340, 5540] None
0 1 0.9974170923233032 50414 [5350, 5550] None
0 1 0.9969823956489563 50414 [5360, 5560] None
0 1 0.8065356612205505 50628 [1440, 1640] None
0 1 0.8605555891990662 50628 [2240, 2440] None
0 1 0.7390450835227966 50628 [2270, 2470] None
0 1 0.7542374134063721 50628 [2300, 2500] None
0 1 0.7630661725997925 50628 [2330, 2530] None
0 1 0.8806023001670837 50628 [2360, 2560] None
0 1 0.7911874055862427 50628 [2390, 2590] None
0 1 0.9265775680541992 50628 [4530, 4730] None
0 1 0.998685896396637 50628 [4540, 4740] None
0 1 0.9997038245201111 50628 [4550, 4750] None
0 1 0.9995385408401489 50628 [4560, 4760] None
0 1 0.9994097948074341 50628 [4570, 4770] None
0 1 0.9997672438621521 50628 [4580, 4780] None
0 1 0.9996015429496765 50628 [4590, 4790] None
0 1 0.9995514750480652 50628 [4600, 4800] None
0 1 0.9998070597648621 50628 [4610, 4810] None
0 1 0.9996386766433716 50628 [4620, 4820] None
0 1 0.9995027780532837 50628 [4630, 4830] None
0 1 0.9997548460960388 50628 [4640, 4840] None
0 1 0.9994086027145386 50628 [4650, 4850] None
0 1 0.9992689490318298 50628 [4660, 4860] None
0 1 0.999618411064148 50628 [4670, 4870] None
0 1 0.9991853833198547 50628 [4680, 4880] None
0 1 0.999262273311615 50628 [4690, 4890] None
0 1 0.999595582485199 50628 [4700, 4900] None
0 1 0.9988448619842529 50628 [4710, 4910] None
0 1 0.9916531443595886 50217 [1490, 1690] None
0 1 0.9912251830101013 50217 [1500, 1700] None
0 1 0.9956455230712891 50217 [1510, 1710] None
0 1 0.9952056407928467 50217 [1520, 1720] None
0 1 0.9939297437667847 50217 [1530, 1730] None
0 1 0.9967474937438965 50217 [1540, 1740] None
0 1 0.996075451374054 50217 [1550, 1750] None
0 1 0.9939771890640259 50217 [1560, 1760] None
0 1 0.9965603947639465 50217 [1570, 1770] None
0 1 0.9955286383628845 50217 [1580, 1780] None
0 1 0.9939501285552979 50217 [1590, 1790] None
0 1 0.9964060187339783 50217 [1600, 1800] None
0 1 0.9955257773399353 50217 [1610, 1810] None
0 1 0.9939723610877991 50217 [1620, 1820] None
0 1 0.996423065662384 50217 [1630, 1830] None
0 1 0.9956383109092712 50217 [1640, 1840] None
0 1 0.9932950139045715 50217 [1650, 1850] None
0 1 0.9940055012702942 50217 [1660, 1860] None
0 1 0.988610565662384 50217 [1670, 1870] None
0 1 0.9755547642707825 50217 [1680, 1880] None
0 1 0.9860978126525879 50217 [1690, 1890] None
0 1 0.9874204993247986 50217 [1700, 1900] None
0 1 0.9753923416137695 50217 [1710, 1910] None
0 1 0.9861187934875488 50217 [1720, 1920] None
0 1 0.985921323299408 50217 [1730, 1930] None
0 1 0.9781369566917419 50217 [1740, 1940] None
0 1 0.9300040602684021 50217 [1950, 2150] None
0 1 0.981609582901001 50217 [1960, 2160] None
0 1 0.9846788644790649 50217 [1970, 2170] None
0 1 0.9707605838775635 50217 [1980, 2180] None
0 1 0.9848415851593018 50217 [1990, 2190] None
0 1 0.974760115146637 50217 [2000, 2200] None
0 1 0.9403297901153564 50217 [2010, 2210] None
0 1 0.9778066277503967 50217 [2020, 2220] None
0 1 0.9781607985496521 50217 [2030, 2230] None
0 1 0.9596539735794067 50217 [2040, 2240] None
0 1 0.9720221757888794 50217 [2050, 2250] None
0 1 0.9794062972068787 50217 [2060, 2260] None
0 1 0.9345194101333618 50217 [2070, 2270] None
0 1 0.9688653945922852 50217 [2080, 2280] None
0 1 0.9819824695587158 50217 [2090, 2290] None
0 1 0.9701755046844482 50217 [2100, 2300] None
0 1 0.9751406908035278 50217 [2110, 2310] None
0 1 0.986860454082489 50217 [2120, 2320] None
0 1 0.9714155793190002 50217 [2130, 2330] None
0 1 0.5800006985664368 02426 [420, 620] None
0 1 0.8608283400535583 02426 [450, 650] None
0 1 0.9931080341339111 02426 [510, 710] None
0 1 0.914116621017456 02426 [520, 720] None
0 1 0.9785407185554504 02426 [530, 730] None
0 1 0.9943568110466003 02426 [540, 740] None
0 1 0.9911148548126221 02426 [550, 750] None
0 1 0.9945104122161865 02426 [560, 760] None
0 1 0.9969189167022705 02426 [570, 770] None
0 1 0.995657205581665 02426 [580, 780] None
0 1 0.9975676536560059 02426 [590, 790] None
0 1 0.9981718063354492 02426 [600, 800] None
0 1 0.9966005682945251 02426 [610, 810] None
0 1 0.993310809135437 02426 [620, 820] None
0 1 0.9966756105422974 02426 [630, 830] None
0 1 0.9936291575431824 02426 [640, 840] None
0 1 0.9978253841400146 02426 [650, 850] None
0 1 0.9983404874801636 02426 [660, 860] None
0 1 0.996536374092102 02426 [670, 870] None
0 1 0.9975098371505737 02426 [680, 880] None
0 1 0.99647456407547 02426 [690, 890] None
0 1 0.9986982345581055 02426 [700, 900] None
0 1 0.8345308899879456 02426 [1410, 1610] None
0 1 0.856615424156189 02426 [1420, 1620] None
0 1 0.9892942905426025 02426 [1430, 1630] None
0 1 0.8742622137069702 02426 [1440, 1640] None
0 1 0.844539225101471 02426 [1450, 1650] None
0 1 0.9897454977035522 02426 [1460, 1660] None
0 1 0.8983363509178162 02426 [1470, 1670] None
0 1 0.9438040852546692 02426 [1480, 1680] None
0 1 0.9875340461730957 02426 [1490, 1690] None
0 1 0.9747581481933594 02426 [1500, 1700] None
0 1 0.8580700755119324 02426 [2110, 2310] None
0 1 0.664018988609314 02426 [2150, 2350] None
0 1 0.9973203539848328 02426 [2430, 2630] None
0 1 0.9970269799232483 02426 [2440, 2640] None
0 1 0.9975445866584778 02426 [2450, 2650] None
0 1 0.9968841671943665 02426 [2460, 2660] None
0 1 0.9968739748001099 02426 [2470, 2670] None
0 1 0.7918877005577087 02426 [3790, 3990] None
0 1 0.7941635847091675 02426 [3800, 4000] None
0 1 0.6012992262840271 02426 [3810, 4010] None
0 1 0.9689154028892517 02426 [3820, 4020] None
0 1 0.9413160681724548 02426 [3830, 4030] None
0 1 0.8289286494255066 02426 [3840, 4040] None
0 1 0.9684315323829651 02426 [3850, 4050] None
0 1 0.9417256712913513 02426 [3860, 4060] None
0 1 0.8544963598251343 02426 [3870, 4070] None
0 1 0.9675548672676086 02426 [3880, 4080] None
0 1 0.9032391905784607 02426 [3890, 4090] None
0 1 0.7227024435997009 02426 [3900, 4100] None
0 1 0.9582339525222778 02426 [3910, 4110] None
0 1 0.8962815999984741 02426 [3920, 4120] None
0 1 0.7032897472381592 02426 [3930, 4130] None
0 1 0.9564527273178101 02426 [3940, 4140] None
0 1 0.8819884657859802 02426 [3950, 4150] None
0 1 0.6550582051277161 02426 [3960, 4160] None
0 1 0.8601577877998352 02426 [3970, 4170] None
0 1 0.9907351732254028 02426 [4590, 4790] None
0 1 0.9887062311172485 02426 [4600, 4800] None
0 1 0.9879943132400513 02426 [4610, 4810] None
0 1 0.9914564490318298 02426 [4620, 4820] None
0 1 0.9889421463012695 02426 [4630, 4830] None
0 1 0.9891223311424255 02426 [4640, 4840] None
0 1 0.9917243123054504 02426 [4650, 4850] None
0 1 0.9901652932167053 02426 [4660, 4860] None
0 1 0.9899129867553711 02426 [4670, 4870] None
0 1 0.992558479309082 02426 [4680, 4880] None
0 1 0.9907522201538086 02426 [4690, 4890] None
0 1 0.9891101717948914 02426 [4700, 4900] None
0 1 0.9928038716316223 02426 [4710, 4910] None
0 1 0.9900087118148804 02426 [4720, 4920] None
0 1 0.9901571273803711 02426 [4730, 4930] None
0 1 0.993289053440094 02426 [4740, 4940] None
0 1 0.9901915788650513 02426 [4750, 4950] None
0 1 0.9886371493339539 02426 [4760, 4960] None
0 1 0.9427339434623718 02426 [4770, 4970] None
0 1 0.9601510167121887 02426 [4800, 5000] None
0 1 0.8964128494262695 02426 [4810, 5010] None
0 1 0.8574554324150085 02426 [4830, 5030] None
0 1 0.9506460428237915 02426 [4860, 5060] None
0 1 0.9803542494773865 02426 [4880, 5080] None
0 1 0.755653977394104 03316 [3290, 3490] None
0 1 0.8846144676208496 03316 [3300, 3500] None
0 1 0.7997291684150696 03316 [3310, 3510] None
0 1 0.7462319135665894 03316 [3330, 3530] None
0 1 0.5387786626815796 03316 [3340, 3540] None
0 1 0.5444958209991455 03316 [3370, 3570] None
0 1 0.7969262003898621 03316 [3400, 3600] None
0 1 0.9925670623779297 03316 [3420, 3620] None
0 1 0.5551323294639587 03316 [4040, 4240] None
0 1 0.5917627215385437 03316 [4060, 4260] None
0 1 0.6368733644485474 03316 [4070, 4270] None
0 1 0.6287427544593811 03316 [5140, 5340] None
0 1 0.5245150327682495 03316 [5180, 5380] None
0 1 0.8216419816017151 01411 [0, 200] None
0 1 0.7301151752471924 01411 [10, 210] None
0 1 0.8032655119895935 01411 [40, 240] None
0 1 0.8680713176727295 01411 [150, 350] None
0 1 0.9144542813301086 01411 [180, 380] None
0 1 0.9537325501441956 01411 [210, 410] None
0 1 0.5313414335250854 01411 [230, 430] None
0 1 0.9671898484230042 01411 [240, 440] None
0 1 0.8491995334625244 01411 [250, 450] None
0 1 0.905743420124054 01411 [260, 460] None
0 1 0.9710095524787903 01411 [270, 470] None
0 1 0.8942292332649231 01411 [280, 480] None
0 1 0.9400105476379395 01411 [290, 490] None
0 1 0.9714515209197998 01411 [300, 500] None
0 1 0.9413596987724304 01411 [310, 510] None
0 1 0.9801381230354309 01411 [320, 520] None
0 1 0.8217624425888062 01411 [2510, 2710] None
0 1 0.8480673432350159 01411 [2520, 2720] None
0 1 0.7953498959541321 01411 [2530, 2730] None
0 1 0.9732446670532227 01411 [2540, 2740] None
0 1 0.9716266989707947 01411 [2550, 2750] None
0 1 0.8890372514724731 01411 [2560, 2760] None
0 1 0.9786317348480225 01411 [2570, 2770] None
0 1 0.9708314538002014 01411 [2580, 2780] None
0 1 0.7739912271499634 01411 [2590, 2790] None
0 1 0.8311735987663269 01411 [2600, 2800] None
0 1 0.7385776042938232 01411 [2610, 2810] None
0 1 0.8072915077209473 01411 [2630, 2830] None
0 1 0.7669868469238281 01411 [2640, 2840] None
0 1 0.8298016786575317 01411 [2940, 3140] None
0 1 0.7606754302978516 01411 [4610, 4810] None
0 1 0.8351945281028748 01411 [4620, 4820] None
0 1 0.8420945405960083 01411 [4650, 4850] None
0 1 0.8482905030250549 01411 [4680, 4880] None
0 1 0.9309695363044739 01411 [5040, 5240] None
0 1 0.7690795660018921 01411 [5050, 5250] None
0 1 0.8858170509338379 01411 [5060, 5260] None
0 1 0.9678775072097778 01411 [5070, 5270] None
0 1 0.9352418780326843 01411 [5080, 5280] None
0 1 0.9627293944358826 01411 [5090, 5290] None
0 1 0.9764774441719055 01411 [5100, 5300] None
0 1 0.941241443157196 01411 [5110, 5310] None
0 1 0.9605566263198853 01411 [5120, 5320] None
0 1 0.9789575338363647 01411 [5130, 5330] None
0 1 0.9539440274238586 01411 [5140, 5340] None
0 1 0.9717868566513062 01411 [5150, 5350] None
0 1 0.9785587787628174 01411 [5160, 5360] None
0 1 0.9237319827079773 01411 [5170, 5370] None
0 1 0.924553632736206 01411 [5180, 5380] None
0 1 0.9533590078353882 01411 [5190, 5390] None
0 1 0.6445467472076416 01411 [5200, 5400] None
0 1 0.858021080493927 49223 [0, 200] None
0 1 0.9003282785415649 49223 [10, 210] None
0 1 0.7515937089920044 49223 [20, 220] None
0 1 0.6811938285827637 49223 [40, 240] None
0 1 0.5929685235023499 49223 [60, 260] None
0 1 0.6144647598266602 49223 [70, 270] None
0 1 0.9938433170318604 50610 [870, 1070] None
0 1 0.9935343265533447 50610 [880, 1080] None
0 1 0.9929981231689453 50610 [890, 1090] None
0 1 0.9944602251052856 50610 [900, 1100] None
0 1 0.9944841265678406 50610 [910, 1110] None
0 1 0.9935204386711121 50610 [920, 1120] None
0 1 0.992882490158081 50610 [930, 1130] None
0 1 0.9862897992134094 50610 [940, 1140] None
0 1 0.6486624479293823 50610 [3640, 3840] None
0 1 0.9616599678993225 50619 [1270, 1470] None
0 1 0.987537682056427 50619 [1280, 1480] None
0 1 0.9926885962486267 50619 [1290, 1490] None
0 1 0.9954994320869446 50619 [1300, 1500] None
0 1 0.9956918358802795 50619 [1310, 1510] None
0 1 0.9955594539642334 50619 [1320, 1520] None
0 1 0.9955928921699524 50619 [1330, 1530] None
0 1 0.9957608580589294 50619 [1340, 1540] None
0 1 0.9956026077270508 50619 [1350, 1550] None
0 1 0.9956183433532715 50619 [1360, 1560] None
0 1 0.9956961870193481 50619 [1370, 1570] None
0 1 0.9955949187278748 50619 [1380, 1580] None
0 1 0.9956157207489014 50619 [1390, 1590] None
0 1 0.9957440495491028 50619 [1400, 1600] None
0 1 0.995598554611206 50619 [1410, 1610] None
0 1 0.9956156015396118 50619 [1420, 1620] None
0 1 0.9958255290985107 50619 [1430, 1630] None
0 1 0.994940996170044 50619 [1440, 1640] None
0 1 0.9938499927520752 50619 [1450, 1650] None
0 1 0.9759719967842102 50619 [1460, 1660] None
0 1 0.7137292623519897 04302 [2610, 2810] None
0 1 0.8654312491416931 04302 [2640, 2840] None
0 1 0.8037621378898621 03101 [910, 1110] None
0 1 0.9395132064819336 03101 [920, 1120] None
0 1 0.9217680096626282 03101 [930, 1130] None
0 1 0.9506086707115173 03101 [940, 1140] None
0 1 0.9701375961303711 03101 [950, 1150] None
0 1 0.9467315077781677 03101 [960, 1160] None
0 1 0.9542840123176575 03101 [970, 1170] None
0 1 0.9659122824668884 03101 [980, 1180] None
0 1 0.9041792750358582 03101 [990, 1190] None
0 1 0.9150095582008362 03101 [1000, 1200] None
0 1 0.9357855319976807 03101 [1010, 1210] None
0 1 0.8997970223426819 03101 [1020, 1220] None
0 1 0.9286155700683594 03101 [1030, 1230] None
0 1 0.9767182469367981 03101 [1040, 1240] None
0 1 0.9528983235359192 03101 [1050, 1250] None
0 1 0.9510802626609802 03101 [1060, 1260] None
0 1 0.9807170033454895 03101 [1070, 1270] None
0 1 0.9441216588020325 03101 [1080, 1280] None
0 1 0.7528470754623413 03101 [1090, 1290] None
0 1 0.9823432564735413 03101 [1290, 1490] None
0 1 0.9903153777122498 03101 [1300, 1500] None
0 1 0.9928480386734009 03101 [1310, 1510] None
0 1 0.9966558218002319 03101 [1320, 1520] None
0 1 0.9911438226699829 03101 [1330, 1530] None
0 1 0.9918769598007202 03101 [1340, 1540] None
0 1 0.9963634610176086 03101 [1350, 1550] None
0 1 0.9892768859863281 03101 [1360, 1560] None
0 1 0.99118971824646 03101 [1370, 1570] None
0 1 0.9963123202323914 03101 [1380, 1580] None
0 1 0.9888564944267273 03101 [1390, 1590] None
0 1 0.9910556077957153 03101 [1400, 1600] None
0 1 0.9963138699531555 03101 [1410, 1610] None
0 1 0.9890462756156921 03101 [1420, 1620] None
0 1 0.9913903474807739 03101 [1430, 1630] None
0 1 0.9964393973350525 03101 [1440, 1640] None
0 1 0.9884155988693237 03101 [1450, 1650] None
0 1 0.9874333739280701 03101 [1460, 1660] None
0 1 0.9909569621086121 03101 [1470, 1670] None
0 1 0.8278427720069885 03101 [1480, 1680] None
0 1 0.7623351812362671 03101 [1620, 1820] None
0 1 0.661553680896759 03101 [1650, 1850] None
0 1 0.9796507358551025 03101 [2990, 3190] None
0 1 0.9888412356376648 03101 [3000, 3200] None
0 1 0.9934665560722351 03101 [3010, 3210] None
0 1 0.9926281571388245 03101 [3020, 3220] None
0 1 0.99017333984375 03101 [3030, 3230] None
0 1 0.9930651187896729 03101 [3040, 3240] None
0 1 0.9928414821624756 03101 [3050, 3250] None
0 1 0.990478515625 03101 [3060, 3260] None
0 1 0.9929258823394775 03101 [3070, 3270] None
0 1 0.9925664663314819 03101 [3080, 3280] None
0 1 0.9908332228660583 03101 [3090, 3290] None
0 1 0.9926936626434326 03101 [3100, 3300] None
0 1 0.9915600419044495 03101 [3110, 3310] None
0 1 0.9901366233825684 03101 [3120, 3320] None
0 1 0.9904594421386719 03101 [3130, 3330] None
0 1 0.9910223484039307 03101 [3140, 3340] None
0 1 0.9902892112731934 03101 [3150, 3350] None
0 1 0.9938198924064636 03101 [3160, 3360] None
0 1 0.9911502599716187 03101 [3170, 3370] None
0 1 0.9032377004623413 03101 [4020, 4220] None
0 1 0.9640547037124634 03101 [4030, 4230] None
0 1 0.9874746203422546 03101 [4040, 4240] None
0 1 0.9838854074478149 03101 [4050, 4250] None
0 1 0.9613741040229797 03101 [4060, 4260] None
0 1 0.9883732199668884 03101 [4070, 4270] None
0 1 0.9798309206962585 03101 [4080, 4280] None
0 1 0.9884718656539917 50522 [2270, 2470] None
0 1 0.9966890215873718 50522 [2280, 2480] None
0 1 0.9946885108947754 50522 [2290, 2490] None
0 1 0.9942337870597839 50522 [2300, 2500] None
0 1 0.9974008798599243 50522 [2310, 2510] None
0 1 0.9949421286582947 50522 [2320, 2520] None
0 1 0.9941241145133972 50522 [2330, 2530] None
0 1 0.9965104460716248 50522 [2340, 2540] None
0 1 0.9946004152297974 50522 [2350, 2550] None
0 1 0.9947134852409363 50522 [2360, 2560] None
0 1 0.9947506785392761 50522 [2370, 2570] None
0 1 0.9969499707221985 50522 [2380, 2580] None
0 1 0.9950966238975525 50522 [2390, 2590] None
0 1 0.9948019981384277 50522 [2400, 2600] None
0 1 0.9970445036888123 50522 [2410, 2610] None
0 1 0.995057225227356 50522 [2420, 2620] None
0 1 0.9947577118873596 50522 [2430, 2630] None
0 1 0.9962515234947205 50522 [2440, 2640] None
0 1 0.9878454804420471 50522 [2450, 2650] None
0 1 0.6136220097541809 10127 [720, 920] None
0 1 0.7903322577476501 10127 [750, 950] None
0 1 0.6032683253288269 10127 [980, 1180] None
0 1 0.8498927354812622 10127 [2280, 2480] None
0 1 0.7183735966682434 10127 [2710, 2910] None
0 1 0.8643011450767517 10127 [2720, 2920] None
0 1 0.9712229371070862 10127 [2730, 2930] None
0 1 0.9898569583892822 10127 [2740, 2940] None
0 1 0.9645500779151917 10127 [2750, 2950] None
0 1 0.9831848740577698 10127 [2760, 2960] None
0 1 0.9896356463432312 10127 [2770, 2970] None
0 1 0.9766218066215515 10127 [2780, 2980] None
0 1 0.9869108200073242 10127 [2790, 2990] None
0 1 0.9950882792472839 10127 [2800, 3000] None
0 1 0.9848245978355408 10127 [2810, 3010] None
0 1 0.9526951909065247 10127 [2820, 3020] None
0 1 0.9940587282180786 10127 [2830, 3030] None
0 1 0.9763554930686951 10127 [2840, 3040] None
0 1 0.9768316149711609 10127 [2850, 3050] None
0 1 0.9880422353744507 10127 [2860, 3060] None
0 1 0.8047754168510437 10127 [2880, 3080] None
0 1 0.8892934322357178 10127 [2890, 3090] None
0 1 0.9349290728569031 10127 [3630, 3830] None
0 1 0.9369314908981323 10127 [3830, 4030] None
0 1 0.8985756635665894 10127 [3840, 4040] None
0 1 0.952505886554718 10127 [3850, 4050] None
0 1 0.9664285778999329 10127 [3860, 4060] None
0 1 0.8280755877494812 10127 [3870, 4070] None
0 1 0.9413779973983765 10127 [3880, 4080] None
0 1 0.967424213886261 10127 [3890, 4090] None
0 1 0.8233722448348999 10127 [3900, 4100] None
0 1 0.9204745888710022 10127 [3910, 4110] None
0 1 0.9594738483428955 10127 [3920, 4120] None
0 1 0.8500525951385498 10127 [3930, 4130] None
0 1 0.940054178237915 10127 [3940, 4140] None
0 1 0.9712627530097961 10127 [3950, 4150] None
0 1 0.7702166438102722 10127 [3960, 4160] None
0 1 0.9376921653747559 10127 [3970, 4170] None
0 1 0.9696642160415649 10127 [3980, 4180] None
0 1 0.6465439200401306 10127 [3990, 4190] None
0 1 0.7443634271621704 10127 [4000, 4200] None
0 1 0.9864038228988647 50223 [770, 970] None
0 1 0.9626718759536743 50223 [780, 980] None
0 1 0.9885086417198181 50223 [790, 990] None
0 1 0.9888738393783569 50223 [800, 1000] None
0 1 0.9552161693572998 50223 [810, 1010] None
0 1 0.9874188303947449 50223 [820, 1020] None
0 1 0.9890102744102478 50223 [830, 1030] None
0 1 0.9611711502075195 50223 [840, 1040] None
0 1 0.9890472292900085 50223 [850, 1050] None
0 1 0.9896564483642578 50223 [860, 1060] None
0 1 0.9708525538444519 50223 [870, 1070] None
0 1 0.9893720746040344 50223 [880, 1080] None
0 1 0.9897958636283875 50223 [890, 1090] None
0 1 0.9717783331871033 50223 [900, 1100] None
0 1 0.9895540475845337 50223 [910, 1110] None
0 1 0.9902980923652649 50223 [920, 1120] None
0 1 0.9659897685050964 50223 [930, 1130] None
0 1 0.9877417087554932 50223 [940, 1140] None
0 1 0.9860418438911438 50223 [950, 1150] None
0 1 0.6794883608818054 50223 [2190, 2390] None
0 1 0.7093230485916138 50223 [2220, 2420] None
0 1 0.5276120901107788 07112 [2420, 2620] None
0 1 0.5464880466461182 07112 [2440, 2640] None
0 1 0.5183336138725281 07112 [2460, 2660] None
0 1 0.5289627313613892 07112 [2470, 2670] None
0 1 0.6314128041267395 07112 [2480, 2680] None
0 1 0.6259804964065552 07112 [2490, 2690] None
0 1 0.5167939066886902 07112 [2500, 2700] None
0 1 0.7280901670455933 07112 [2550, 2750] None
0 1 0.5560656189918518 07112 [2560, 2760] None
0 1 0.7770185470581055 07112 [2570, 2770] None
0 1 0.633094310760498 07112 [2580, 2780] None
0 1 0.8902646899223328 07112 [2600, 2800] None
0 1 0.6257740259170532 01107 [3600, 3800] None
0 1 0.6076123714447021 01107 [3620, 3820] None
0 1 0.7258144617080688 01107 [3630, 3830] None
0 1 0.664707601070404 01107 [3650, 3850] None
0 1 0.6907871961593628 01107 [3660, 3860] None
0 1 0.7094374299049377 01107 [3680, 3880] None
0 1 0.7554047703742981 01107 [3690, 3890] None
0 1 0.5657389163970947 01107 [3700, 3900] None
0 1 0.9207900166511536 01107 [3710, 3910] None
0 1 0.8939163684844971 01107 [3720, 3920] None
0 1 0.7196237444877625 01107 [3730, 3930] None
0 1 0.6834152936935425 01107 [3740, 3940] None
0 1 0.7733107805252075 01107 [3750, 3950] None
0 1 0.826415479183197 50310 [560, 760] None
0 1 0.6098701357841492 50310 [580, 780] None
0 1 0.8151353597640991 50310 [590, 790] None
0 1 0.8194589614868164 50310 [610, 810] None
0 1 0.938403844833374 50310 [620, 820] None
0 1 0.8680992722511292 50310 [630, 830] None
0 1 0.9146665334701538 50310 [640, 840] None
0 1 0.9095683693885803 50310 [650, 850] None
0 1 0.6662952303886414 50310 [660, 860] None
0 1 0.5648007392883301 50310 [750, 950] None
0 1 0.6565245985984802 50310 [780, 980] None
0 1 0.7826262712478638 50310 [810, 1010] None
0 1 0.5595076680183411 50310 [830, 1030] None
0 1 0.7626478672027588 50310 [1320, 1520] None
0 1 0.7254634499549866 50310 [1340, 1540] None
0 1 0.9270378351211548 50310 [1370, 1570] None
0 1 0.9141718149185181 50310 [1380, 1580] None
0 1 0.5684590935707092 50310 [1390, 1590] None
0 1 0.9859842658042908 50310 [1400, 1600] None
0 1 0.9851788878440857 50310 [1410, 1610] None
0 1 0.9643146395683289 50310 [1420, 1620] None
0 1 0.9870320558547974 50310 [1430, 1630] None
0 1 0.9867754578590393 50310 [1440, 1640] None
0 1 0.9585037231445312 50310 [1450, 1650] None
0 1 0.9814428687095642 50310 [1460, 1660] None
0 1 0.9780204892158508 50310 [4060, 4260] None
0 1 0.755583643913269 50310 [4660, 4860] None
0 1 0.9790483713150024 48407 [2100, 2300] None
0 1 0.9846269488334656 48407 [2110, 2310] None
0 1 0.9754723906517029 48407 [2120, 2320] None
0 1 0.9786888957023621 48407 [2130, 2330] None
0 1 0.9837532043457031 48407 [2140, 2340] None
0 1 0.9707611203193665 48407 [2150, 2350] None
0 1 0.9758308529853821 48407 [2160, 2360] None
0 1 0.9842793345451355 48407 [2170, 2370] None
0 1 0.9066298604011536 32504 [2390, 2590] None
0 1 0.8648819923400879 32504 [2400, 2600] None
0 1 0.763551652431488 32504 [2410, 2610] None
0 1 0.9288511276245117 32504 [2420, 2620] None
0 1 0.8138982057571411 32504 [2430, 2630] None
0 1 0.698645830154419 32504 [2440, 2640] None
0 1 0.9491959810256958 32504 [2450, 2650] None
0 1 0.924263060092926 32504 [2460, 2660] None
0 1 0.8526340126991272 32504 [2470, 2670] None
0 1 0.9523745179176331 32504 [2480, 2680] None
0 1 0.9335573315620422 32504 [2490, 2690] None
0 1 0.8906341791152954 32504 [2500, 2700] None
0 1 0.9475560188293457 32504 [2510, 2710] None
0 1 0.9381314516067505 32504 [2520, 2720] None
0 1 0.8814322352409363 32504 [2530, 2730] None
0 1 0.9532701969146729 32504 [2540, 2740] None
0 1 0.9477497339248657 32504 [2550, 2750] None
0 1 0.9510976672172546 32504 [2560, 2760] None
0 1 0.8474431037902832 49609 [210, 410] None
0 1 0.5819953680038452 49609 [220, 420] None
0 1 0.8557286858558655 49609 [240, 440] None
0 1 0.502784252166748 49609 [250, 450] None
0 1 0.8584325313568115 49609 [270, 470] None
0 1 0.8284302949905396 49609 [300, 500] None
0 1 0.7575547099113464 49609 [330, 530] None
0 1 0.8287860155105591 49609 [360, 560] None
0 1 0.6891758441925049 49609 [370, 570] None
0 1 0.6468822956085205 49609 [410, 610] None
0 1 0.7773191332817078 49609 [420, 620] None
0 1 0.7779078483581543 49609 [430, 630] None
0 1 0.7428860068321228 49609 [440, 640] None
0 1 0.9087600708007812 49609 [450, 650] None
0 1 0.9388364553451538 49609 [460, 660] None
0 1 0.9437848329544067 49609 [470, 670] None
0 1 0.9450938105583191 49609 [2520, 2720] None
0 1 0.7832638025283813 49609 [2530, 2730] None
0 1 0.5034239292144775 49609 [2540, 2740] None
0 1 0.9244845509529114 49609 [2550, 2750] None
0 1 0.8018132448196411 49609 [2560, 2760] None
0 1 0.5103154182434082 49609 [2570, 2770] None
0 1 0.9411669373512268 49609 [2580, 2780] None
0 1 0.8204243183135986 49609 [2590, 2790] None
0 1 0.5002318620681763 49609 [2600, 2800] None
0 1 0.6622396111488342 49609 [2610, 2810] None
0 1 0.6442980766296387 49609 [3810, 4010] None
0 1 0.9162730574607849 49609 [3830, 4030] None
0 1 0.9831498265266418 49609 [3840, 4040] None
0 1 0.9317722916603088 49609 [3850, 4050] None
0 1 0.9221178889274597 49609 [3860, 4060] None
0 1 0.9825756549835205 49609 [3870, 4070] None
0 1 0.9523163437843323 49609 [3880, 4080] None
0 1 0.9438057541847229 49609 [3890, 4090] None
0 1 0.986018180847168 49609 [3900, 4100] None
0 1 0.9503990411758423 49609 [3910, 4110] None
0 1 0.9544674158096313 49609 [3920, 4120] None
0 1 0.9896061420440674 49609 [3930, 4130] None
0 1 0.9724268317222595 49609 [3940, 4140] None
0 1 0.9607332944869995 49609 [3950, 4150] None
0 1 0.9889737367630005 49609 [3960, 4160] None
0 1 0.9848966598510742 49609 [3970, 4170] None
0 1 0.9361230731010437 49609 [3980, 4180] None
0 1 0.9958471655845642 49609 [3990, 4190] None
0 1 0.7936520576477051 49609 [4500, 4700] None
0 1 0.9377007484436035 49609 [4510, 4710] None
0 1 0.9764849543571472 49609 [4520, 4720] None
0 1 0.9793978333473206 49609 [4530, 4730] None
0 1 0.9663732647895813 49609 [4540, 4740] None
0 1 0.982694685459137 49609 [4550, 4750] None
0 1 0.9856369495391846 49609 [4560, 4760] None
0 1 0.9564713835716248 49609 [4570, 4770] None
0 1 0.9776508808135986 49609 [4580, 4780] None
0 1 0.9818155169487 49609 [4590, 4790] None
0 1 0.8328668475151062 03404 [540, 740] None
0 1 0.8709686994552612 03404 [550, 750] None
0 1 0.7433428764343262 03404 [560, 760] None
0 1 0.7911252975463867 03404 [570, 770] None
0 1 0.7265916466712952 03404 [580, 780] None
0 1 0.6797541975975037 03404 [600, 800] None
0 1 0.640886664390564 03404 [610, 810] None
0 1 0.54056316614151 03404 [700, 900] None
0 1 0.757192850112915 03404 [720, 920] None
0 1 0.9363958835601807 01111 [0, 200] None
0 1 0.947684645652771 01111 [10, 210] None
0 1 0.9603601098060608 01111 [20, 220] None
0 1 0.7210584282875061 01111 [30, 230] None
0 1 0.9166164398193359 01111 [40, 240] None
0 1 0.9299788475036621 01111 [50, 250] None
0 1 0.9743568897247314 01111 [210, 410] None
0 1 0.970024049282074 01111 [220, 420] None
0 1 0.9914553761482239 01111 [230, 430] None
0 1 0.9901604652404785 01111 [240, 440] None
0 1 0.9884230494499207 01111 [250, 450] None
0 1 0.9949091076850891 01111 [260, 460] None
0 1 0.9936690926551819 01111 [270, 470] None
0 1 0.9887345433235168 01111 [280, 480] None
0 1 0.9952124357223511 01111 [290, 490] None
0 1 0.9937698245048523 01111 [300, 500] None
0 1 0.9898627996444702 01111 [310, 510] None
0 1 0.9953572154045105 01111 [320, 520] None
0 1 0.9940460920333862 01111 [330, 530] None
0 1 0.9907587766647339 01111 [340, 540] None
0 1 0.9956294298171997 01111 [350, 550] None
0 1 0.9942595958709717 01111 [360, 560] None
0 1 0.9906180500984192 01111 [370, 570] None
0 1 0.9953130483627319 01111 [380, 580] None
0 1 0.9902461767196655 01111 [390, 590] None
0 1 0.961730420589447 01111 [1240, 1440] None
0 1 0.9784664511680603 01111 [1250, 1450] None
0 1 0.9675622582435608 01111 [1260, 1460] None
0 1 0.9474780559539795 01111 [1270, 1470] None
0 1 0.9741044640541077 01111 [1280, 1480] None
0 1 0.9456311464309692 01111 [1290, 1490] None
0 1 0.7694246768951416 01111 [1300, 1500] None
0 1 0.5285370945930481 01111 [1950, 2150] None
0 1 0.7321152687072754 03519 [140, 340] None
0 1 0.6335194110870361 03519 [150, 350] None
0 1 0.7729892134666443 03519 [160, 360] None
0 1 0.7774299383163452 03519 [170, 370] None
0 1 0.5712987184524536 03519 [180, 380] None
0 1 0.79887855052948 03519 [190, 390] None
0 1 0.8093947172164917 03519 [200, 400] None
0 1 0.589985728263855 03519 [210, 410] None
0 1 0.8218920230865479 03519 [220, 420] None
0 1 0.8290364146232605 03519 [230, 430] None
0 1 0.5675780773162842 03519 [240, 440] None
0 1 0.7731620669364929 03519 [250, 450] None
0 1 0.9576641917228699 03519 [260, 460] None
0 1 0.9594342708587646 03519 [270, 470] None
0 1 0.6461125016212463 03519 [590, 790] None
0 1 0.8508299589157104 03519 [600, 800] None
0 1 0.9340306520462036 03519 [610, 810] None
0 1 0.7181163430213928 03519 [620, 820] None
0 1 0.7753409743309021 03519 [630, 830] None
0 1 0.9251166582107544 03519 [640, 840] None
0 1 0.9270539283752441 03519 [650, 850] None
0 1 0.9519771933555603 03519 [660, 860] None
0 1 0.9795833230018616 03519 [670, 870] None
0 1 0.9187812805175781 03519 [680, 880] None
0 1 0.9536614418029785 03519 [690, 890] None
0 1 0.9783701300621033 03519 [700, 900] None
0 1 0.9070630669593811 03519 [710, 910] None
0 1 0.9310111403465271 03519 [720, 920] None
0 1 0.9770713448524475 03519 [730, 930] None
0 1 0.9239406585693359 03519 [740, 940] None
0 1 0.8723403215408325 03519 [750, 950] None
0 1 0.9855658411979675 03519 [760, 960] None
0 1 0.667751669883728 03519 [820, 1020] None
0 1 0.5065376162528992 03519 [1140, 1340] None
0 1 0.5467707514762878 03519 [1170, 1370] None
0 1 0.553996741771698 03519 [1730, 1930] None
0 1 0.5077669620513916 03519 [2830, 3030] None
0 1 0.8394821882247925 03519 [2870, 3070] None
0 1 0.6482694745063782 03519 [2880, 3080] None
0 1 0.8314864039421082 03519 [2930, 3130] None
0 1 0.9693406224250793 03519 [2940, 3140] None
0 1 0.9775742888450623 03519 [2950, 3150] None
0 1 0.978972852230072 03519 [2960, 3160] None
0 1 0.9772871732711792 03519 [2970, 3170] None
0 1 0.9804619550704956 03519 [2980, 3180] None
0 1 0.980570375919342 03519 [2990, 3190] None
0 1 0.9818183779716492 03519 [3000, 3200] None
0 1 0.9835705757141113 03519 [3010, 3210] None
0 1 0.9797412157058716 03519 [3020, 3220] None
0 1 0.9801436066627502 03519 [3030, 3230] None
0 1 0.9824504256248474 03519 [3040, 3240] None
0 1 0.9798261523246765 03519 [3050, 3250] None
0 1 0.9802457690238953 03519 [3060, 3260] None
0 1 0.9819610118865967 03519 [3070, 3270] None
0 1 0.9790788888931274 03519 [3080, 3280] None
0 1 0.9802528619766235 03519 [3090, 3290] None
0 1 0.9798944592475891 03519 [3100, 3300] None
0 1 0.9678988456726074 03519 [3110, 3310] None
0 1 0.9636145830154419 03519 [3120, 3320] None
0 1 0.5795847177505493 03519 [3820, 4020] None
0 1 0.7284555435180664 03519 [3840, 4040] None
0 1 0.8775531649589539 03519 [3870, 4070] None
0 1 0.5857909321784973 03519 [3880, 4080] None
0 1 0.640553891658783 03519 [3890, 4090] None
0 1 0.8451128602027893 03519 [3900, 4100] None
0 1 0.533676028251648 03519 [3910, 4110] None
0 1 0.5288906097412109 03519 [3920, 4120] None
0 1 0.864188551902771 03519 [3930, 4130] None
0 1 0.5743342638015747 03519 [3940, 4140] None
0 1 0.6037653088569641 03519 [3950, 4150] None
0 1 0.8831164240837097 03519 [3960, 4160] None
0 1 0.5681840181350708 03519 [3970, 4170] None
0 1 0.8843507170677185 03519 [3990, 4190] None
0 1 0.8253455758094788 03519 [4000, 4200] None
0 1 0.7053502798080444 03519 [4390, 4590] None
0 1 0.5191618204116821 03519 [4400, 4600] None
0 1 0.6841971278190613 03519 [4420, 4620] None
0 1 0.9259262084960938 03519 [4430, 4630] None
0 1 0.5006296038627625 03519 [4440, 4640] None
0 1 0.9485774636268616 03519 [4450, 4650] None
0 1 0.9201639890670776 03519 [5430, 5630] None
0 1 0.9023670554161072 03519 [5440, 5640] None
0 1 0.9424694776535034 03519 [5450, 5650] None
0 1 0.970153272151947 03519 [5460, 5660] None
0 1 0.9223766326904297 03519 [5470, 5670] None
0 1 0.9393203854560852 03519 [5480, 5680] None
0 1 0.9737023115158081 03519 [5490, 5690] None
0 1 0.95256507396698 03519 [5500, 5700] None
0 1 0.9603541493415833 03519 [5510, 5710] None
0 1 0.9740970134735107 03519 [5520, 5720] None
0 1 0.9314063787460327 03519 [5530, 5730] None
0 1 0.9266446232795715 03519 [5540, 5740] None
0 1 0.9663938879966736 03519 [5550, 5750] None
0 1 0.7826429605484009 03519 [5560, 5760] None
0 1 0.9671328067779541 03519 [5580, 5780] None
0 1 0.7635821104049683 03519 [5590, 5790] None
0 1 0.917500376701355 03519 [5610, 5810] None
0 1 0.5184353590011597 50514 [2720, 2920] None
0 1 0.5470173954963684 50514 [2750, 2950] None
0 1 0.6138519644737244 50514 [4730, 4930] None
0 1 0.6041017770767212 50514 [4740, 4940] None
0 1 0.5847120881080627 50514 [4770, 4970] None
0 1 0.6699241399765015 50514 [4790, 4990] None
0 1 0.5654265880584717 50514 [4800, 5000] None
0 1 0.7816793918609619 50514 [4830, 5030] None
0 1 0.8259937763214111 50514 [4860, 5060] None
0 1 0.6411368250846863 50514 [4870, 5070] None
0 1 0.8615327477455139 50514 [4880, 5080] None
0 1 0.813297688961029 13607 [1360, 1560] None
0 1 0.7970011234283447 13607 [1370, 1570] None
0 1 0.9837157130241394 13607 [1570, 1770] None
0 1 0.9919126033782959 13607 [1580, 1780] None
0 1 0.9824371933937073 13607 [1590, 1790] None
0 1 0.9890791773796082 13607 [1600, 1800] None
0 1 0.9912081956863403 13607 [1610, 1810] None
0 1 0.9851644039154053 13607 [1620, 1820] None
0 1 0.9894522428512573 13607 [1630, 1830] None
0 1 0.9918117523193359 13607 [1640, 1840] None
0 1 0.985469400882721 13607 [1650, 1850] None
0 1 0.9899017810821533 13607 [1660, 1860] None
0 1 0.9914637207984924 13607 [1670, 1870] None
0 1 0.9855962991714478 13607 [1680, 1880] None
0 1 0.9907211065292358 13607 [1690, 1890] None
0 1 0.9933868050575256 13607 [1700, 1900] None
0 1 0.992886483669281 13607 [1710, 1910] None
0 1 0.9919751286506653 13607 [1720, 1920] None
0 1 0.9928570985794067 13607 [1730, 1930] None
0 1 0.9902462959289551 13607 [1740, 1940] None
0 1 0.5956546664237976 13607 [2670, 2870] None
0 1 0.514616072177887 13607 [2680, 2880] None
0 1 0.5723863244056702 13607 [2700, 2900] None
0 1 0.5254248380661011 13607 [2760, 2960] None
0 1 0.6629056334495544 13607 [2820, 3020] None
0 1 0.9048906564712524 13607 [4620, 4820] None
0 1 0.6699051260948181 13607 [4640, 4840] None
0 1 0.9677146077156067 13607 [4650, 4850] None
0 1 0.8324565291404724 13607 [4670, 4870] None
0 1 0.9486649632453918 13607 [4680, 4880] None
0 1 0.9319419264793396 13607 [4710, 4910] None
0 1 0.9307533502578735 13607 [4750, 4950] None
0 1 0.7471146583557129 13607 [4770, 4970] None
0 1 0.9820296168327332 13607 [4780, 4980] None
0 1 0.7591055035591125 42318 [0, 200] None
0 1 0.9103692173957825 42318 [10, 210] None
0 1 0.95677649974823 42318 [20, 220] None
0 1 0.9070872068405151 42318 [30, 230] None
0 1 0.9679506421089172 42318 [40, 240] None
0 1 0.9597837924957275 42318 [50, 250] None
0 1 0.9039554595947266 42318 [60, 260] None
0 1 0.9706870913505554 42318 [70, 270] None
0 1 0.9645287990570068 42318 [80, 280] None
0 1 0.8477677702903748 42318 [90, 290] None
0 1 0.9694811105728149 42318 [100, 300] None
0 1 0.9591200947761536 42318 [110, 310] None
0 1 0.7809986472129822 42318 [120, 320] None
0 1 0.967997133731842 42318 [130, 330] None
0 1 0.9488510489463806 42318 [140, 340] None
0 1 0.7941307425498962 42318 [150, 350] None
0 1 0.9699156284332275 42318 [160, 360] None
0 1 0.9491536021232605 42318 [170, 370] None
0 1 0.7522461414337158 42318 [180, 380] None
0 1 0.922723114490509 42318 [600, 800] None
0 1 0.5871337056159973 42318 [620, 820] None
0 1 0.9633814096450806 42318 [630, 830] None
0 1 0.6177940368652344 42318 [650, 850] None
0 1 0.965016782283783 42318 [660, 860] None
0 1 0.5083906054496765 42318 [680, 880] None
0 1 0.96485835313797 42318 [690, 890] None
0 1 0.5817360877990723 42318 [710, 910] None
0 1 0.9596564173698425 42318 [720, 920] None
0 1 0.6522625684738159 42318 [740, 940] None
0 1 0.9466117024421692 42318 [750, 950] None
0 1 0.7690017819404602 42318 [770, 970] None
0 1 0.8747374415397644 42318 [830, 1030] None
0 1 0.8816301822662354 42318 [840, 1040] None
0 1 0.8961414694786072 42318 [860, 1060] None
0 1 0.9028432965278625 42318 [870, 1070] None
0 1 0.5543482899665833 42318 [5050, 5250] None
0 1 0.7591457962989807 42318 [5190, 5390] None
0 1 0.9322257041931152 42318 [5220, 5420] None
0 1 0.6919407248497009 42318 [5250, 5450] None
0 1 0.8116640448570251 42318 [5280, 5480] None
0 1 0.8589589595794678 42318 [5310, 5510] None
0 1 0.9855116605758667 42318 [5320, 5520] None
0 1 0.9896167516708374 42318 [5330, 5530] None
0 1 0.9923546314239502 42318 [5340, 5540] None
0 1 0.990012526512146 42318 [5350, 5550] None
0 1 0.9914221167564392 42318 [5360, 5560] None
0 1 0.9922084212303162 42318 [5370, 5570] None
0 1 0.9944912195205688 17309 [270, 470] None
0 1 0.9906564354896545 17309 [280, 480] None
0 1 0.9852256178855896 17309 [290, 490] None
0 1 0.9950883984565735 17309 [300, 500] None
0 1 0.9940776824951172 17309 [310, 510] None
0 1 0.9790680408477783 17309 [320, 520] None
0 1 0.9938388466835022 17309 [330, 530] None
0 1 0.9907434582710266 17309 [340, 540] None
0 1 0.9767127633094788 17309 [350, 550] None
0 1 0.9943292737007141 17309 [360, 560] None
0 1 0.9922552108764648 17309 [370, 570] None
0 1 0.983984649181366 17309 [380, 580] None
0 1 0.9950841069221497 17309 [390, 590] None
0 1 0.9926451444625854 17309 [400, 600] None
0 1 0.9854947328567505 17309 [410, 610] None
0 1 0.9955130219459534 17309 [420, 620] None
0 1 0.9932951331138611 17309 [430, 630] None
0 1 0.9897732138633728 17309 [440, 640] None
0 1 0.9937325119972229 17309 [450, 650] None
0 1 0.5044417977333069 17309 [5330, 5530] None
0 1 0.9579511880874634 47309 [0, 200] None
0 1 0.9574229717254639 47309 [10, 210] None
0 1 0.9703136682510376 47309 [20, 220] None
0 1 0.9700528979301453 47309 [30, 230] None
0 1 0.9511675238609314 47309 [40, 240] None
0 1 0.9622715711593628 47309 [50, 250] None
0 1 0.9597148895263672 47309 [60, 260] None
0 1 0.9121199250221252 47309 [70, 270] None
0 1 0.9220494031906128 47309 [520, 720] None
0 1 0.7295151948928833 47309 [530, 730] None
0 1 0.8985835313796997 47309 [540, 740] None
0 1 0.9368287324905396 47309 [550, 750] None
0 1 0.5346261858940125 47309 [560, 760] None
0 1 0.8585177659988403 47309 [570, 770] None
0 1 0.9438149929046631 47309 [580, 780] None
0 1 0.802018404006958 47309 [590, 790] None
0 1 0.9454987645149231 47309 [600, 800] None
0 1 0.9522970914840698 47309 [610, 810] None
0 1 0.9206288456916809 47309 [620, 820] None
0 1 0.9600935578346252 47309 [630, 830] None
0 1 0.9588225483894348 47309 [640, 840] None
0 1 0.953816831111908 47309 [650, 850] None
0 1 0.9672995209693909 47309 [660, 860] None
0 1 0.9637189507484436 47309 [670, 870] None
0 1 0.9314717054367065 47309 [680, 880] None
0 1 0.8715397715568542 47309 [690, 890] None
0 1 0.8966996073722839 47309 [700, 900] None
0 1 0.8478401303291321 47309 [1540, 1740] None
0 1 0.5001534819602966 47309 [1570, 1770] None
0 1 0.7105583548545837 47309 [1630, 1830] None
0 1 0.7951667308807373 47309 [1660, 1860] None
0 1 0.6421921253204346 47309 [1690, 1890] None
0 1 0.5253415107727051 47309 [5310, 5510] None
0 1 0.9755903482437134 27105 [400, 600] None
0 1 0.9756650328636169 27105 [430, 630] None
0 1 0.9746953248977661 27105 [460, 660] None
0 1 0.9735649824142456 27105 [490, 690] None
0 1 0.9774563908576965 27105 [520, 720] None
0 1 0.5875032544136047 27105 [540, 740] None
0 1 0.9630711674690247 27105 [550, 750] None
0 1 0.9851371049880981 48614 [2010, 2210] None
0 1 0.9892857670783997 48614 [2020, 2220] None
0 1 0.9934099316596985 48614 [2030, 2230] None
0 1 0.9907764792442322 48614 [2040, 2240] None
0 1 0.9898591637611389 48614 [2050, 2250] None
0 1 0.9934612512588501 48614 [2060, 2260] None
0 1 0.9913644790649414 48614 [2070, 2270] None
0 1 0.992030143737793 48614 [2080, 2280] None
0 1 0.9936172962188721 48614 [2090, 2290] None
0 1 0.9916262626647949 48614 [2100, 2300] None
0 1 0.9918100237846375 48614 [2110, 2310] None
0 1 0.9938845038414001 48614 [2120, 2320] None
0 1 0.9917600750923157 48614 [2130, 2330] None
0 1 0.9920054078102112 48614 [2140, 2340] None
0 1 0.9945942759513855 48614 [2150, 2350] None
0 1 0.9921686053276062 48614 [2160, 2360] None
0 1 0.9917982816696167 48614 [2170, 2370] None
0 1 0.9933804273605347 48614 [2180, 2380] None
0 1 0.9596520066261292 48614 [2190, 2390] None
0 1 0.7048666477203369 48614 [4890, 5090] None
0 1 0.9495713114738464 48614 [4900, 5100] None
0 1 0.9549064636230469 48614 [4910, 5110] None
0 1 0.903373122215271 48614 [4920, 5120] None
0 1 0.9713963866233826 48614 [4930, 5130] None
0 1 0.9664152264595032 48614 [4940, 5140] None
0 1 0.9477306008338928 48614 [4950, 5150] None
0 1 0.9748592376708984 48614 [4960, 5160] None
0 1 0.968086838722229 48614 [4970, 5170] None
0 1 0.9534923434257507 48614 [4980, 5180] None
0 1 0.9751176834106445 48614 [4990, 5190] None
0 1 0.9685723781585693 48614 [5000, 5200] None
0 1 0.9529451131820679 48614 [5010, 5210] None
0 1 0.9747400283813477 48614 [5020, 5220] None
0 1 0.9723060131072998 48614 [5030, 5230] None
0 1 0.9583259224891663 48614 [5040, 5240] None
0 1 0.9780288338661194 48614 [5050, 5250] None
0 1 0.971001148223877 48614 [5060, 5260] None
0 1 0.9291462302207947 48614 [5070, 5270] None
0 1 0.97372967004776 50630 [300, 500] None
0 1 0.9895125031471252 50630 [310, 510] None
0 1 0.9914574027061462 50630 [320, 520] None
0 1 0.9936041235923767 50630 [330, 530] None
0 1 0.9921941757202148 50630 [340, 540] None
0 1 0.9916704893112183 50630 [350, 550] None
0 1 0.9940258264541626 50630 [360, 560] None
0 1 0.9930716156959534 50630 [370, 570] None
0 1 0.9919650554656982 50630 [380, 580] None
0 1 0.9940342307090759 50630 [390, 590] None
0 1 0.9930478930473328 50630 [400, 600] None
0 1 0.992109477519989 50630 [410, 610] None
0 1 0.9939461350440979 50630 [420, 620] None
0 1 0.9930917024612427 50630 [430, 630] None
0 1 0.9916763305664062 50630 [440, 640] None
0 1 0.9937892556190491 50630 [450, 650] None
0 1 0.9926284551620483 50630 [460, 660] None
0 1 0.991407573223114 50630 [470, 670] None
0 1 0.9902979731559753 50630 [480, 680] None
0 1 0.9196025729179382 50630 [490, 690] None
0 1 0.8853688836097717 50630 [1240, 1440] None
0 1 0.5354810357093811 50630 [1250, 1450] None
0 1 0.6673182845115662 50630 [3720, 3920] None
0 1 0.6049327850341797 50630 [4150, 4350] None
0 1 0.6489350199699402 50630 [4180, 4380] None
0 1 0.9797400832176208 50630 [4840, 5040] None
0 1 0.9852904081344604 50630 [4850, 5050] None
0 1 0.9876056909561157 50630 [4860, 5060] None
0 1 0.9892728924751282 50630 [4870, 5070] None
0 1 0.9912961721420288 50630 [4880, 5080] None
0 1 0.9899548292160034 50630 [4890, 5090] None
0 1 0.9894708395004272 50630 [4900, 5100] None
0 1 0.9914080500602722 50630 [4910, 5110] None
0 1 0.9903953671455383 50630 [4920, 5120] None
0 1 0.9895138740539551 50630 [4930, 5130] None
0 1 0.9915081262588501 50630 [4940, 5140] None
0 1 0.9903230667114258 50630 [4950, 5150] None
0 1 0.9895511269569397 50630 [4960, 5160] None
0 1 0.9914095997810364 50630 [4970, 5170] None
0 1 0.521586000919342 48307 [220, 420] None
0 1 0.6208752393722534 48307 [250, 450] None
0 1 0.7540260553359985 48307 [260, 460] None
0 1 0.689033031463623 48307 [280, 480] None
0 1 0.9721250534057617 48307 [290, 490] None
0 1 0.8469007611274719 48307 [350, 550] None
0 1 0.7672936320304871 48307 [380, 580] None
0 1 0.7546213865280151 48307 [410, 610] None
0 1 0.694566547870636 48307 [440, 640] None
0 1 0.6991434097290039 48307 [470, 670] None
0 1 0.8578158020973206 48307 [480, 680] None
0 1 0.6651386022567749 48307 [2000, 2200] None
0 1 0.7604675889015198 48307 [2010, 2210] None
0 1 0.6374607086181641 48307 [2040, 2240] None
0 1 0.6723787784576416 48307 [2130, 2330] None
0 1 0.7118481993675232 48307 [4230, 4430] None
0 1 0.8943846225738525 48307 [4240, 4440] None
0 1 0.9265486001968384 03602 [2870, 3070] None
0 1 0.9916330575942993 03602 [2880, 3080] None
0 1 0.9937173128128052 03602 [2890, 3090] None
0 1 0.9965952038764954 03602 [2900, 3100] None
0 1 0.9949672818183899 03602 [2910, 3110] None
0 1 0.9951990246772766 03602 [2920, 3120] None
0 1 0.9968001842498779 03602 [2930, 3130] None
0 1 0.9955474138259888 03602 [2940, 3140] None
0 1 0.9956433773040771 03602 [2950, 3150] None
0 1 0.9971032738685608 03602 [2960, 3160] None
0 1 0.9955488443374634 03602 [2970, 3170] None
0 1 0.9956459403038025 03602 [2980, 3180] None
0 1 0.9971154928207397 03602 [2990, 3190] None
0 1 0.9955204725265503 03602 [3000, 3200] None
0 1 0.9960293769836426 03602 [3010, 3210] None
0 1 0.9971973896026611 03602 [3020, 3220] None
0 1 0.9958658218383789 03602 [3030, 3230] None
0 1 0.995862603187561 03602 [3040, 3240] None
0 1 0.9967370629310608 03602 [3050, 3250] None
0 1 0.9967166781425476 03602 [3060, 3260] None
0 1 0.9692098498344421 03602 [3090, 3290] None
0 1 0.9743669629096985 03602 [3100, 3300] None
0 1 0.9191647171974182 03602 [3110, 3310] None
0 1 0.9642759561538696 03602 [3120, 3320] None
0 1 0.9764412641525269 03602 [3130, 3330] None
0 1 0.9495875239372253 03602 [3140, 3340] None
0 1 0.9742208123207092 03602 [3150, 3350] None
0 1 0.9761741161346436 03602 [3160, 3360] None
0 1 0.9380288124084473 03602 [3170, 3370] None
0 1 0.9349148869514465 03602 [3180, 3380] None
0 1 0.9696844220161438 03602 [3190, 3390] None
0 1 0.9732816219329834 03602 [3200, 3400] None
0 1 0.9606359004974365 03602 [3210, 3410] None
0 1 0.9392366409301758 03602 [3220, 3420] None
0 1 0.9600921273231506 03602 [3230, 3430] None
0 1 0.9513006210327148 03602 [3240, 3440] None
0 1 0.9455271363258362 03602 [3250, 3450] None
0 1 0.9697110056877136 03602 [3260, 3460] None
0 1 0.9576478004455566 03602 [3670, 3870] None
0 1 0.9540508985519409 03602 [3680, 3880] None
0 1 0.9300312995910645 03602 [3690, 3890] None
0 1 0.9723986387252808 03602 [3700, 3900] None
0 1 0.9566006660461426 03602 [3710, 3910] None
0 1 0.9364491105079651 03602 [3720, 3920] None
0 1 0.9778900742530823 03602 [3730, 3930] None
0 1 0.9694539904594421 03602 [3740, 3940] None
0 1 0.956942081451416 03602 [3750, 3950] None
0 1 0.9875121712684631 03602 [3760, 3960] None
0 1 0.9844242930412292 03602 [3770, 3970] None
0 1 0.9791762828826904 03602 [3780, 3980] None
0 1 0.9889107942581177 03602 [3790, 3990] None
0 1 0.9858778715133667 03602 [3800, 4000] None
0 1 0.9825714230537415 03602 [3810, 4010] None
0 1 0.9883611798286438 03602 [3820, 4020] None
0 1 0.9839075803756714 03602 [3830, 4030] None
0 1 0.9812235832214355 03602 [3840, 4040] None
0 1 0.9854992628097534 03602 [3850, 4050] None
0 1 0.979324996471405 03602 [3860, 4060] None
0 1 0.97798752784729 03602 [3870, 4070] None
0 1 0.9884190559387207 03602 [3880, 4080] None
0 1 0.9791066646575928 03602 [3890, 4090] None
0 1 0.9780445694923401 03602 [3900, 4100] None
0 1 0.9887891411781311 03602 [3910, 4110] None
0 1 0.9791077971458435 03602 [3920, 4120] None
0 1 0.9731090664863586 03602 [3930, 4130] None
0 1 0.9677655100822449 03602 [5190, 5390] None
0 1 0.9835950136184692 03602 [5200, 5400] None
0 1 0.973394513130188 03602 [5210, 5410] None
0 1 0.9881558418273926 03602 [5220, 5420] None
0 1 0.9879394769668579 03602 [5230, 5430] None
0 1 0.9836165904998779 03602 [5240, 5440] None
0 1 0.9882878661155701 03602 [5250, 5450] None
0 1 0.9883702993392944 03602 [5260, 5460] None
0 1 0.9856430888175964 03602 [5270, 5470] None
0 1 0.9889883399009705 03602 [5280, 5480] None
0 1 0.9883267283439636 03602 [5290, 5490] None
0 1 0.9849136471748352 03602 [5300, 5500] None
0 1 0.9884145259857178 03602 [5310, 5510] None
0 1 0.9883445501327515 03602 [5320, 5520] None
0 1 0.987413763999939 03602 [5330, 5530] None
0 1 0.9896939396858215 03602 [5340, 5540] None
0 1 0.9892321825027466 03602 [5350, 5550] None
0 1 0.9836286902427673 03602 [5360, 5560] None
0 1 0.8173334002494812 01121 [2470, 2670] None
0 1 0.9314972758293152 01121 [2480, 2680] None
0 1 0.7694421410560608 01121 [2490, 2690] None
0 1 0.9286677241325378 01121 [2500, 2700] None
0 1 0.957942545413971 01121 [2510, 2710] None
0 1 0.8297714591026306 01121 [2520, 2720] None
0 1 0.7935388088226318 01121 [2530, 2730] None
0 1 0.9678328633308411 01121 [2540, 2740] None
0 1 0.8542498350143433 01121 [2550, 2750] None
0 1 0.8405661582946777 01121 [2560, 2760] None
0 1 0.9664831757545471 01121 [2570, 2770] None
0 1 0.8279112577438354 01121 [2580, 2780] None
0 1 0.8074591159820557 01121 [2590, 2790] None
0 1 0.9743281602859497 01121 [2600, 2800] None
0 1 0.8949670791625977 01121 [2610, 2810] None
0 1 0.8957791328430176 01121 [2620, 2820] None
0 1 0.986844539642334 01121 [2630, 2830] None
0 1 0.8066281080245972 49306 [530, 730] None
0 1 0.5688902735710144 49306 [560, 760] None
0 1 0.9118534922599792 49306 [1480, 1680] None
0 1 0.9503743052482605 49306 [1500, 1700] None
0 1 0.9804276823997498 49306 [1510, 1710] None
0 1 0.919098973274231 49306 [1520, 1720] None
0 1 0.8869193196296692 49306 [1530, 1730] None
0 1 0.9733022451400757 49306 [1540, 1740] None
0 1 0.7722722291946411 49306 [1550, 1750] None
0 1 0.9176322817802429 49306 [1560, 1760] None
0 1 0.976641833782196 49306 [1570, 1770] None
0 1 0.8961723446846008 49306 [1580, 1780] None
0 1 0.9502941966056824 49306 [1590, 1790] None
0 1 0.9822998642921448 49306 [1600, 1800] None
0 1 0.9558131694793701 49306 [1610, 1810] None
0 1 0.9765581488609314 49306 [1620, 1820] None
0 1 0.9828806519508362 49306 [1630, 1830] None
0 1 0.954201340675354 49306 [1640, 1840] None
0 1 0.9682593941688538 49306 [1650, 1850] None
0 1 0.6004636287689209 49306 [3440, 3640] None
0 1 0.5860418081283569 49306 [3470, 3670] None
0 1 0.5341297388076782 49306 [3500, 3700] None
0 1 0.528613805770874 49306 [3520, 3720] None
0 1 0.8844035267829895 49306 [3530, 3730] None
0 1 0.5237520933151245 49306 [3550, 3750] None
0 1 0.7689212560653687 49306 [3560, 3760] None
0 1 0.9799638390541077 49306 [3580, 3780] None
0 1 0.9682576060295105 49306 [3590, 3790] None
0 1 0.8462756276130676 49306 [3610, 3810] None
0 1 0.7989094853401184 49306 [3620, 3820] None
0 1 0.8034014105796814 49306 [3640, 3840] None
0 1 0.8799254298210144 49306 [3650, 3850] None
0 1 0.9473631381988525 49306 [3670, 3870] None
0 1 0.9234116077423096 49306 [3680, 3880] None
0 1 0.9183499813079834 49306 [3700, 3900] None
0 1 0.8689912557601929 49306 [3710, 3910] None
0 1 0.9433417320251465 49306 [3730, 3930] None
0 1 0.9519014954566956 49306 [3740, 3940] None
0 1 0.8179941773414612 49306 [3750, 3950] None
0 1 0.9839290380477905 49306 [3850, 4050] None
0 1 0.9938569664955139 49306 [3860, 4060] None
0 1 0.9668309092521667 49306 [3870, 4070] None
0 1 0.991907000541687 49306 [3880, 4080] None
0 1 0.9927685260772705 49306 [3890, 4090] None
0 1 0.9628991484642029 49306 [3900, 4100] None
0 1 0.9916822910308838 49306 [3910, 4110] None
0 1 0.9945809245109558 49306 [3920, 4120] None
0 1 0.9794129133224487 49306 [3930, 4130] None
0 1 0.9936650991439819 49306 [3940, 4140] None
0 1 0.99432373046875 49306 [3950, 4150] None
0 1 0.9841628074645996 49306 [3960, 4160] None
0 1 0.9950506091117859 49306 [3970, 4170] None
0 1 0.995262622833252 49306 [3980, 4180] None
0 1 0.9781829118728638 49306 [3990, 4190] None
0 1 0.9952751398086548 49306 [4000, 4200] None
0 1 0.9929361939430237 49306 [4010, 4210] None
0 1 0.9919005632400513 49306 [4020, 4220] None
0 1 0.8234529495239258 49306 [4960, 5160] None
0 1 0.5642666220664978 49306 [4990, 5190] None
0 1 0.7122484445571899 49306 [5020, 5220] None
0 1 0.8018277287483215 49306 [5050, 5250] None
0 1 0.7926379442214966 49306 [5080, 5280] None
0 1 0.7878791689872742 49306 [5110, 5310] None
0 1 0.9793800115585327 47323 [460, 660] None
0 1 0.9826176762580872 47323 [470, 670] None
0 1 0.9880187511444092 47323 [480, 680] None
0 1 0.9879448413848877 47323 [490, 690] None
0 1 0.9892675280570984 47323 [500, 700] None
0 1 0.9906909465789795 47323 [510, 710] None
0 1 0.9891999959945679 47323 [520, 720] None
0 1 0.9896225929260254 47323 [530, 730] None
0 1 0.9907827973365784 47323 [540, 740] None
0 1 0.989885687828064 47323 [550, 750] None
0 1 0.9903202652931213 47323 [560, 760] None
0 1 0.9915156364440918 47323 [570, 770] None
0 1 0.9898887276649475 47323 [580, 780] None
0 1 0.9903297424316406 47323 [590, 790] None
0 1 0.9914966821670532 47323 [600, 800] None
0 1 0.9884196519851685 47323 [610, 810] None
0 1 0.9892845749855042 47323 [620, 820] None
0 1 0.9861463904380798 47323 [630, 830] None
0 1 0.607492208480835 47323 [1500, 1700] None
0 1 0.9713360667228699 47323 [1510, 1710] None
0 1 0.8893225789070129 47323 [1520, 1720] None
0 1 0.7393043637275696 47323 [1530, 1730] None
0 1 0.9602907299995422 47323 [1540, 1740] None
0 1 0.8744539618492126 47323 [1550, 1750] None
0 1 0.7286909222602844 47323 [1560, 1760] None
0 1 0.9559406042098999 47323 [1570, 1770] None
0 1 0.9254107475280762 47323 [1580, 1780] None
0 1 0.9241366982460022 47323 [1590, 1790] None
0 1 0.9780330657958984 47323 [1600, 1800] None
0 1 0.9531329870223999 47323 [1610, 1810] None
0 1 0.9526317119598389 47323 [1620, 1820] None
0 1 0.9817578196525574 47323 [1630, 1830] None
0 1 0.9631518721580505 47323 [1640, 1840] None
0 1 0.9528396725654602 47323 [1650, 1850] None
0 1 0.9825950860977173 47323 [1660, 1860] None
0 1 0.9485758543014526 47323 [1670, 1870] None
0 1 0.9517771601676941 47323 [1680, 1880] None
0 1 0.5725871324539185 47323 [5280, 5480] None
0 1 0.7053940296173096 50426 [970, 1170] None
0 1 0.9456236958503723 50426 [2570, 2770] None
0 1 0.962610125541687 50426 [2580, 2780] None
0 1 0.8781968355178833 50426 [2590, 2790] None
0 1 0.806074857711792 50426 [2600, 2800] None
0 1 0.9648404121398926 50426 [2610, 2810] None
0 1 0.9722102284431458 50426 [2620, 2820] None
0 1 0.8374728560447693 50426 [2630, 2830] None
0 1 0.9687831401824951 50426 [2640, 2840] None
0 1 0.9733622074127197 50426 [2650, 2850] None
0 1 0.8577076196670532 50426 [2660, 2860] None
0 1 0.9691010117530823 50426 [2670, 2870] None
0 1 0.9750667214393616 50426 [2680, 2880] None
0 1 0.8784090876579285 50426 [2690, 2890] None
0 1 0.9729717373847961 50426 [2700, 2900] None
0 1 0.9761127829551697 50426 [2710, 2910] None
0 1 0.9109703898429871 50426 [2720, 2920] None
0 1 0.9753338098526001 50426 [2730, 2930] None
0 1 0.9723864793777466 50426 [2740, 2940] None
0 1 0.5293991565704346 50426 [2750, 2950] None
0 1 0.6886533498764038 50426 [2810, 3010] None
0 1 0.9890581965446472 50426 [2820, 3020] None
0 1 0.992149829864502 50426 [2830, 3030] None
0 1 0.9913043975830078 50426 [2840, 3040] None
0 1 0.9917541742324829 50426 [2850, 3050] None
0 1 0.9940410256385803 50426 [2860, 3060] None
0 1 0.9924913048744202 50426 [2870, 3070] None
0 1 0.9922878742218018 50426 [2880, 3080] None
0 1 0.9934630393981934 50426 [2890, 3090] None
0 1 0.9916714429855347 50426 [2900, 3100] None
0 1 0.9922966361045837 50426 [2910, 3110] None
0 1 0.9934717416763306 50426 [2920, 3120] None
0 1 0.9916191101074219 50426 [2930, 3130] None
0 1 0.9923235177993774 50426 [2940, 3140] None
0 1 0.9935545921325684 50426 [2950, 3150] None
0 1 0.9916453957557678 50426 [2960, 3160] None
0 1 0.9922946691513062 50426 [2970, 3170] None
0 1 0.9934793710708618 50426 [2980, 3180] None
0 1 0.9900542497634888 50426 [2990, 3190] None
0 1 0.983784556388855 50426 [3000, 3200] None
0 1 0.7140078544616699 50426 [3950, 4150] None
0 1 0.875888466835022 50426 [3980, 4180] None
0 1 0.9238744378089905 50426 [4010, 4210] None
0 1 0.9406929016113281 50426 [4040, 4240] None
0 1 0.935967206954956 50426 [4070, 4270] None
0 1 0.9494969248771667 50426 [4100, 4300] None
0 1 0.7591160535812378 50426 [5260, 5460] None
0 1 0.9010205864906311 50426 [5290, 5490] None
0 1 0.9173197150230408 50426 [5320, 5520] None
0 1 0.9257503151893616 50426 [5350, 5550] None
0 1 0.6046892404556274 50426 [5360, 5560] None
0 1 0.9244636297225952 50426 [5380, 5580] None
0 1 0.640105128288269 50426 [5390, 5590] None
0 1 0.9510085582733154 50426 [5410, 5610] None
0 1 0.5894241333007812 50426 [5420, 5620] None
0 1 0.957787036895752 50426 [5680, 5880] None
0 1 0.9832016825675964 50426 [5690, 5890] None
0 1 0.989429771900177 50426 [5700, 5900] None
0 1 0.9932026863098145 50426 [5710, 5910] None
0 1 0.993725597858429 50426 [5720, 5920] None
0 1 0.9923140406608582 50426 [5730, 5930] None
0 1 0.9931540489196777 50426 [5740, 5940] None
0 1 0.9937035441398621 50426 [5750, 5950] None
0 1 0.9924537539482117 50426 [5760, 5960] None
0 1 0.9931647181510925 50426 [5770, 5970] None
0 1 0.9928263425827026 50426 [5780, 5980] None
0 1 0.9916189908981323 50426 [5790, 5990] None
0 1 0.9922983050346375 50426 [5800, 6000] None
0 1 0.9928265810012817 50426 [5810, 6010] None
0 1 0.9915097951889038 50426 [5820, 6020] None
0 1 0.9921940565109253 50426 [5830, 6030] None
0 1 0.8364790081977844 49504 [110, 310] None
0 1 0.9230462312698364 49504 [120, 320] None
0 1 0.7893437743186951 49504 [130, 330] None
0 1 0.8968991637229919 49504 [140, 340] None
0 1 0.9687153697013855 49504 [150, 350] None
0 1 0.9001729488372803 49504 [160, 360] None
0 1 0.9358463883399963 49504 [170, 370] None
0 1 0.9636306166648865 49504 [180, 380] None
0 1 0.8878746628761292 49504 [190, 390] None
0 1 0.9240478277206421 49504 [200, 400] None
0 1 0.9725792407989502 49504 [210, 410] None
0 1 0.9242203235626221 49504 [220, 420] None
0 1 0.9584605693817139 49504 [230, 430] None
0 1 0.9765626788139343 49504 [240, 440] None
0 1 0.8532503843307495 49504 [250, 450] None
0 1 0.544199526309967 49504 [2810, 3010] None
0 1 0.9422304630279541 49504 [4840, 5040] None
0 1 0.9656496047973633 49504 [4850, 5050] None
0 1 0.9743230938911438 49504 [4860, 5060] None
0 1 0.9837806224822998 49504 [4870, 5070] None
0 1 0.9846449494361877 49504 [4880, 5080] None
0 1 0.9774609804153442 49504 [4890, 5090] None
0 1 0.9836260676383972 49504 [4900, 5100] None
0 1 0.9840549826622009 49504 [4910, 5110] None
0 1 0.9774108529090881 49504 [4920, 5120] None
0 1 0.9842276573181152 49504 [4930, 5130] None
0 1 0.9855560064315796 49504 [4940, 5140] None
0 1 0.983025312423706 49504 [4950, 5150] None
0 1 0.9812942743301392 49504 [4960, 5160] None
0 1 0.9856130480766296 49504 [4970, 5170] None
0 1 0.9872179627418518 49504 [4980, 5180] None
0 1 0.9880542159080505 49504 [4990, 5190] None
0 1 0.9890118837356567 49504 [5000, 5200] None
0 1 0.9874836206436157 49504 [5010, 5210] None
0 1 0.9655287861824036 49504 [5020, 5220] None
0 1 0.7934877276420593 29403 [10, 210] None
0 1 0.5181352496147156 29403 [20, 220] None
0 1 0.5670301914215088 29403 [70, 270] None
0 1 0.9491106271743774 29403 [2260, 2460] None
0 1 0.7893950343132019 29403 [2270, 2470] None
0 1 0.7847625017166138 29403 [2290, 2490] None
0 1 0.8296971321105957 29403 [2300, 2500] None
0 1 0.8841896653175354 29403 [2320, 2520] None
0 1 0.766399621963501 29403 [2330, 2530] None
0 1 0.8025314807891846 29403 [2350, 2550] None
0 1 0.7382804155349731 29403 [2360, 2560] None
0 1 0.5172082781791687 29403 [2410, 2610] None
0 1 0.8899273872375488 49302 [1440, 1640] None
0 1 0.9890785813331604 49302 [1450, 1650] None
0 1 0.9809308648109436 49302 [1460, 1660] None
0 1 0.9903595447540283 49302 [1470, 1670] None
0 1 0.9881046414375305 49302 [1480, 1680] None
0 1 0.978847086429596 49302 [1490, 1690] None
0 1 0.9914047718048096 49302 [1500, 1700] None
0 1 0.991084098815918 49302 [1510, 1710] None
0 1 0.9803313612937927 49302 [1520, 1720] None
0 1 0.9901124835014343 49302 [1530, 1730] None
0 1 0.9909131526947021 49302 [1540, 1740] None
0 1 0.9778748154640198 49302 [1550, 1750] None
0 1 0.9910885095596313 49302 [1560, 1760] None
0 1 0.9925581216812134 49302 [1570, 1770] None
0 1 0.9885408282279968 49302 [1580, 1780] None
0 1 0.9941008687019348 49302 [1590, 1790] None
0 1 0.9923145174980164 49302 [1600, 1800] None
0 1 0.9873472452163696 49302 [1610, 1810] None
0 1 0.9919649362564087 49302 [1620, 1820] None
0 1 0.6416930556297302 49302 [1630, 1830] None
0 1 0.9950203895568848 49302 [2170, 2370] None
0 1 0.9965264201164246 49302 [2180, 2380] None
0 1 0.9952142238616943 49302 [2190, 2390] None
0 1 0.9979925155639648 49302 [2200, 2400] None
0 1 0.9975340366363525 49302 [2210, 2410] None
0 1 0.9957776069641113 49302 [2220, 2420] None
0 1 0.9982732534408569 49302 [2230, 2430] None
0 1 0.9976325035095215 49302 [2240, 2440] None
0 1 0.996096670627594 49302 [2250, 2450] None
0 1 0.9974243640899658 49302 [2260, 2460] None
0 1 0.9965416789054871 49302 [2270, 2470] None
0 1 0.9945060610771179 49302 [2280, 2480] None
0 1 0.9971070885658264 49302 [2290, 2490] None
0 1 0.9966624975204468 49302 [2300, 2500] None
0 1 0.9948025941848755 49302 [2310, 2510] None
0 1 0.9974393844604492 49302 [2320, 2520] None
0 1 0.9971354007720947 49302 [2330, 2530] None
0 1 0.9942238926887512 49302 [2340, 2540] None
0 1 0.99580979347229 49302 [2350, 2550] None
0 1 0.8650720715522766 49302 [5350, 5550] None
0 1 0.8389888405799866 49302 [5360, 5560] None
0 1 0.7320447564125061 49302 [5370, 5570] None
0 1 0.910332441329956 49302 [5380, 5580] None
0 1 0.9438868165016174 49302 [5390, 5590] None
0 1 0.9169628620147705 49302 [5400, 5600] None
0 1 0.9668481945991516 49302 [5410, 5610] None
0 1 0.956477701663971 49302 [5420, 5620] None
0 1 0.9112020134925842 49302 [5430, 5630] None
0 1 0.9702662825584412 49302 [5440, 5640] None
0 1 0.9497358202934265 49302 [5450, 5650] None
0 1 0.920899510383606 49302 [5460, 5660] None
0 1 0.9716602563858032 49302 [5470, 5670] None
0 1 0.9587096571922302 49302 [5480, 5680] None
0 1 0.918914794921875 49302 [5490, 5690] None
0 1 0.9709535837173462 49302 [5500, 5700] None
0 1 0.9481461048126221 49302 [5510, 5710] None
0 1 0.8626053333282471 49302 [5520, 5720] None
0 1 0.901017963886261 49302 [5530, 5730] None
0 1 0.9268332123756409 50409 [1920, 2120] None
0 1 0.903395414352417 50409 [1930, 2130] None
0 1 0.9066112041473389 50409 [1940, 2140] None
0 1 0.9627560377120972 50409 [1950, 2150] None
0 1 0.9529560208320618 50409 [1960, 2160] None
0 1 0.909600019454956 50409 [1970, 2170] None
0 1 0.9693620204925537 50409 [1980, 2180] None
0 1 0.9759230613708496 50409 [1990, 2190] None
0 1 0.9660218358039856 50409 [2000, 2200] None
0 1 0.9677433967590332 50409 [2010, 2210] None
0 1 0.9751072525978088 50409 [2020, 2220] None
0 1 0.9735898375511169 50409 [2030, 2230] None
0 1 0.9722288250923157 50409 [2040, 2240] None
0 1 0.9814484715461731 50409 [2050, 2250] None
0 1 0.9789839386940002 50409 [2060, 2260] None
0 1 0.9782368540763855 50409 [2070, 2270] None
0 1 0.9753732681274414 50409 [2080, 2280] None
0 1 0.9425121545791626 50409 [2090, 2290] None
0 1 0.7814287543296814 02505 [910, 1110] None
0 1 0.9322866201400757 02505 [940, 1140] None
0 1 0.7831684350967407 02505 [950, 1150] None
