true_label pred_label pred_prob file time_range filler
1 0 6.167287835978641e-08 10201 [2900, 3100] [3073.6679551637453, 3094.757696546024]
1 0 5.519577328527703e-08 10201 [2910, 3110] [3073.6679551637453, 3094.757696546024]
1 0 2.726412517972676e-08 10201 [2920, 3120] [3073.6679551637453, 3094.757696546024]
1 0 9.811971324324986e-08 10201 [2930, 3130] [3073.6679551637453, 3094.757696546024]
1 0 3.169058260255042e-08 10201 [2940, 3140] [3073.6679551637453, 3094.757696546024]
1 0 3.803000581115157e-08 10201 [2950, 3150] [3073.6679551637453, 3094.757696546024]
1 0 1.080214886428621e-07 10201 [2960, 3160] [3073.6679551637453, 3094.757696546024]
1 0 3.642488621835582e-08 10201 [2970, 3170] [3073.6679551637453, 3094.757696546024]
1 0 3.522383451581845e-08 10201 [2980, 3180] [3073.6679551637453, 3094.757696546024]
1 0 9.568311298835397e-08 10201 [2990, 3190] [3073.6679551637453, 3094.757696546024]
1 0 3.5025326639015475e-08 10201 [3000, 3200] [3073.6679551637453, 3094.757696546024]
1 0 1.3800962506138603e-07 10201 [3010, 3210] [3073.6679551637453, 3094.757696546024]
1 0 2.0544356971186062e-07 10201 [3020, 3220] [3073.6679551637453, 3094.757696546024]
1 0 5.110873146918493e-08 10201 [3030, 3230] [3073.6679551637453, 3094.757696546024]
1 0 2.386489370564959e-07 10201 [3040, 3240] [3073.6679551637453, 3094.757696546024]
1 0 3.952233100790181e-07 10201 [3050, 3250] [3073.6679551637453, 3094.757696546024]
1 0 2.36520932617168e-07 10201 [3060, 3260] [3073.6679551637453, 3094.757696546024]
1 0 4.5819166416549706e-07 10201 [3070, 3270] [3073.6679551637453, 3094.757696546024]
1 0 0.029419848695397377 49307 [2110, 2310] [2281.7, 2304.0]
1 0 8.338646875927225e-05 49307 [2120, 2320] [2281.7, 2304.0]
1 0 0.0002632654213812202 49307 [2130, 2330] [2281.7, 2304.0]
1 0 0.009250760078430176 49307 [2140, 2340] [2281.7, 2304.0]
1 0 3.909648512490094e-05 49307 [2150, 2350] [2281.7, 2304.0]
1 0 0.00031486156512983143 49307 [2160, 2360] [2281.7, 2304.0]
1 0 0.0036126559134572744 49307 [2170, 2370] [2281.7, 2304.0]
1 0 3.7355821405071765e-05 49307 [2180, 2380] [2281.7, 2304.0]
1 0 0.00014645920600742102 49307 [2190, 2390] [2281.7, 2304.0]
1 0 0.22997277975082397 49307 [2240, 2440] [2281.7, 2304.0]
1 0 0.16651344299316406 49307 [2270, 2470] [2281.7, 2304.0]
1 0 0.37240147590637207 49307 [2730, 2930] [2867.4, 2900.9]
1 0 0.2737663686275482 49307 [2760, 2960] [2867.4, 2900.9]
1 0 0.17745155096054077 49307 [4670, 4870] [4836.400000000001, 4864.3]
1 0 0.008910424076020718 49307 [4680, 4880] [4836.400000000001, 4864.3]
1 0 0.003578756470233202 49307 [4690, 4890] [4836.400000000001, 4864.3]
1 0 0.0038096446078270674 49307 [4700, 4900] [4836.400000000001, 4864.3]
1 0 0.0010802237084135413 49307 [4710, 4910] [4836.400000000001, 4864.3]
1 0 0.0013349659275263548 49307 [4720, 4920] [4836.400000000001, 4864.3]
1 0 0.0015077837742865086 49307 [4730, 4930] [4836.400000000001, 4864.3]
1 0 0.0004758608411066234 49307 [4740, 4940] [4836.400000000001, 4864.3]
1 0 0.008943869732320309 49307 [4750, 4950] [4836.400000000001, 4864.3]
1 0 0.0038248777855187654 49307 [4760, 4960] [4836.400000000001, 4864.3]
1 0 0.0008374317549169064 49307 [4770, 4970] [4836.400000000001, 4864.3]
1 0 0.005195215344429016 49307 [4780, 4980] [4836.400000000001, 4864.3]
1 0 0.001547197112813592 49307 [4790, 4990] [4836.400000000001, 4864.3]
1 0 0.00030389364110305905 49307 [4800, 5000] [4836.400000000001, 4864.3]
1 0 0.000539083790499717 49307 [4810, 5010] [4836.400000000001, 4864.3]
1 0 0.010234811343252659 49307 [4820, 5020] [4836.400000000001, 4864.3]
1 0 0.0034523517824709415 49307 [4830, 5030] [4836.400000000001, 4864.3]
1 0 0.43295419216156006 40301 [420, 620] [521.6977599090878, 558.2946640724543]
1 0 0.09771288186311722 40301 [450, 650] [521.6977599090878, 558.2946640724543]
1 0 0.29407379031181335 40301 [480, 680] [521.6977599090878, 558.2946640724543]
1 0 0.011013825424015522 40301 [540, 740] [641.4130565790833, 663.7433709838492]
1 0 0.017238309606909752 40301 [570, 770] [641.4130565790833, 663.7433709838492]
1 0 0.030281605198979378 40301 [600, 800] [641.4130565790833, 663.7433709838492]
1 0 0.423329621553421 40301 [1910, 2110] [1951.3867126967182, 1991.0850494163021]
1 0 0.18879017233848572 40301 [2460, 2660] [2618.9979424222593, 2646.910835428217]
1 0 0.3423647880554199 40301 [2490, 2690] [2618.9979424222593, 2646.910835428217]
1 0 0.3087848424911499 40301 [2520, 2720] [2618.9979424222593, 2646.910835428217]
1 0 0.30806273221969604 40301 [2550, 2750] [2618.9979424222593, 2646.910835428217]
1 0 0.0808219164609909 40301 [2580, 2780] [2618.9979424222593, 2646.910835428217]
1 0 0.10045349597930908 40301 [2610, 2810] [2618.9979424222593, 2646.910835428217]
1 0 0.0003286378341726959 40301 [3580, 3780] [3741.462128516822, 3771.23588105651]
1 0 0.00016951269935816526 40301 [3590, 3790] [3741.462128516822, 3771.23588105651]
1 0 0.003476862097159028 40301 [3600, 3800] [3741.462128516822, 3771.23588105651]
1 0 0.01628517545759678 40301 [3610, 3810] [3741.462128516822, 3771.23588105651]
1 0 0.0005193509277887642 40301 [3620, 3820] [3741.462128516822, 3771.23588105651]
1 0 0.001854133908636868 40301 [3630, 3830] [3741.462128516822, 3771.23588105651]
1 0 0.03164827451109886 40301 [3640, 3840] [3741.462128516822, 3771.23588105651]
1 0 3.5357330489205196e-05 40301 [3850, 4050] [3990.1970195254657, 4027.414210200075]
1 0 9.786069131223485e-05 40301 [3860, 4060] [3990.1970195254657, 4027.414210200075]
1 0 4.607555183611112e-06 40301 [3870, 4070] [3990.1970195254657, 4027.414210200075]
1 0 1.3472873661157792e-06 40301 [3880, 4080] [3990.1970195254657, 4027.414210200075]
1 0 2.496711204003077e-05 40301 [3890, 4090] [3990.1970195254657, 4027.414210200075]
1 0 5.822411822009599e-06 40301 [3900, 4100] [3990.1970195254657, 4027.414210200075]
1 0 1.3091912478557788e-06 40301 [3910, 4110] [3990.1970195254657, 4027.414210200075]
1 0 1.4810701031819917e-05 40301 [3920, 4120] [3990.1970195254657, 4027.414210200075]
1 0 2.8630165616050363e-06 40301 [3930, 4130] [3990.1970195254657, 4027.414210200075]
1 0 1.2115640402043937e-06 40301 [3940, 4140] [3990.1970195254657, 4027.414210200075]
1 0 4.883912879449781e-06 40301 [3950, 4150] [3990.1970195254657, 4027.414210200075]
1 0 3.253053080243262e-07 40301 [3960, 4160] [3990.1970195254657, 4027.414210200075]
1 0 3.465453630724369e-07 40301 [3970, 4170] [3990.1970195254657, 4027.414210200075]
1 0 1.6087620906546363e-06 40301 [3980, 4180] [3990.1970195254657, 4027.414210200075]
1 0 2.3907128365863173e-07 40301 [3990, 4190] [3990.1970195254657, 4027.414210200075]
1 0 0.36234018206596375 40301 [4660, 4860] [4829.627612865457, 4847.615921691518]
1 0 0.0002463237615302205 40301 [4900, 5100] [5071.722295877957, 5091.571464237749]
1 0 1.95013199117966e-05 40301 [4910, 5110] [5071.722295877957, 5091.571464237749]
1 0 1.2825858902942855e-05 40301 [4920, 5120] [5071.722295877957, 5091.571464237749]
1 0 1.550277193018701e-05 40301 [4930, 5130] [5071.722295877957, 5091.571464237749]
1 0 7.995117812242825e-06 40301 [4940, 5140] [5071.722295877957, 5091.571464237749]
1 0 2.0713246158265974e-06 40301 [4950, 5150] [5071.722295877957, 5091.571464237749]
1 0 2.8099232167733135e-06 40301 [4960, 5160] [5071.722295877957, 5091.571464237749]
1 0 5.680504955307697e-07 40301 [4970, 5170] [5071.722295877957, 5091.571464237749]
1 0 8.19756678538397e-07 40301 [4980, 5180] [5071.722295877957, 5091.571464237749]
1 0 3.712227453434025e-06 40301 [4990, 5190] [5071.722295877957, 5091.571464237749]
1 0 8.419430628237023e-07 40301 [5000, 5200] [5071.722295877957, 5091.571464237749]
1 0 1.4819792113485164e-06 40301 [5010, 5210] [5071.722295877957, 5091.571464237749]
1 0 7.603343419759767e-06 40301 [5020, 5220] [5071.722295877957, 5091.571464237749]
1 0 2.7346131901140325e-06 40301 [5030, 5230] [5071.722295877957, 5091.571464237749]
1 0 2.136433067789767e-06 40301 [5040, 5240] [5071.722295877957, 5091.571464237749]
1 0 5.8244277170160785e-06 40301 [5050, 5250] [5071.722295877957, 5091.571464237749]
1 0 3.0352505291375564e-06 40301 [5060, 5260] [5071.722295877957, 5091.571464237749]
1 0 0.0004285152826923877 40301 [5070, 5270] [5071.722295877957, 5091.571464237749]
1 0 0.00017487717559561133 18420 [180, 380] [339.9538121147423, 375.9304297668653]
1 0 1.3546306945499964e-05 18420 [190, 390] [339.9538121147423, 375.9304297668653]
1 0 0.0008181346929632127 18420 [200, 400] [339.9538121147423, 375.9304297668653]
1 0 0.0019318894483149052 18420 [210, 410] [339.9538121147423, 375.9304297668653]
1 0 2.2940783310332336e-05 18420 [220, 420] [339.9538121147423, 375.9304297668653]
1 0 0.0001425199006916955 18420 [230, 430] [339.9538121147423, 375.9304297668653]
1 0 0.00040143393562175333 18420 [240, 440] [339.9538121147423, 375.9304297668653]
1 0 1.5448311387444846e-05 18420 [250, 450] [339.9538121147423, 375.9304297668653]
1 0 0.00012178075121482834 18420 [260, 460] [339.9538121147423, 375.9304297668653]
1 0 0.000594285607803613 18420 [270, 470] [339.9538121147423, 375.9304297668653]
1 0 6.604936788789928e-05 18420 [280, 480] [339.9538121147423, 375.9304297668653]
1 0 0.00116145855281502 18420 [290, 490] [339.9538121147423, 375.9304297668653]
1 0 0.0010231034830212593 18420 [300, 500] [339.9538121147423, 375.9304297668653]
1 0 2.5968769477913156e-05 18420 [310, 510] [339.9538121147423, 375.9304297668653]
1 0 7.13875560904853e-05 18420 [320, 520] [339.9538121147423, 375.9304297668653]
1 0 1.7456985005992465e-05 18420 [330, 530] [339.9538121147423, 375.9304297668653]
1 0 0.4374566376209259 18420 [1560, 1760] [1737.7960381750186, 1757.024920023567]
1 0 0.001336592365987599 18420 [4540, 4740] [4706.1614261016, 4734.074319107557]
1 0 0.20849817991256714 18420 [4550, 4750] [4706.1614261016, 4734.074319107557]
1 0 0.0034055612049996853 18420 [4560, 4760] [4706.1614261016, 4734.074319107557]
1 0 0.010113213211297989 18420 [4570, 4770] [4706.1614261016, 4734.074319107557]
1 0 0.083711177110672 18420 [4580, 4780] [4706.1614261016, 4734.074319107557]
1 0 0.0018909760983660817 18420 [4590, 4790] [4706.1614261016, 4734.074319107557]
1 0 0.002078928519040346 18420 [4600, 4800] [4706.1614261016, 4734.074319107557]
1 0 0.11269766092300415 18420 [4610, 4810] [4706.1614261016, 4734.074319107557]
1 0 0.001100572757422924 18420 [4620, 4820] [4706.1614261016, 4734.074319107557]
1 0 0.00793873704969883 18420 [4630, 4830] [4706.1614261016, 4734.074319107557]
1 0 0.23256206512451172 18420 [4640, 4840] [4706.1614261016, 4734.074319107557]
1 0 0.0023451619781553745 18420 [4650, 4850] [4706.1614261016, 4734.074319107557]
1 0 0.006413865368813276 18420 [4660, 4860] [4706.1614261016, 4734.074319107557]
1 0 0.039383988827466965 18420 [4670, 4870] [4706.1614261016, 4734.074319107557]
1 0 0.0011132885701954365 18420 [4680, 4880] [4706.1614261016, 4734.074319107557]
1 0 0.04756149277091026 18420 [4690, 4890] [4706.1614261016, 4734.074319107557]
1 0 0.49360695481300354 49506 [2650, 2850] [2825.9, 2848.2]
1 0 0.1440240889787674 49506 [2680, 2880] [2825.9, 2848.2]
1 0 0.01855401135981083 49506 [2710, 2910] [2825.9, 2848.2]
1 0 0.002670722547918558 49506 [2730, 2930] [2825.9, 2848.2]
1 0 0.0003108800738118589 49506 [2740, 2940] [2825.9, 2848.2]
1 0 0.07562944293022156 49506 [2750, 2950] [2825.9, 2848.2]
1 0 0.002907991409301758 49506 [2760, 2960] [2825.9, 2848.2]
1 0 0.00051926972810179 49506 [2770, 2970] [2825.9, 2848.2]
1 0 0.2951413094997406 49506 [2780, 2980] [2825.9, 2848.2]
1 0 0.3183313310146332 49506 [2790, 2990] [2825.9, 2848.2]
1 0 0.051052361726760864 49506 [2800, 3000] [2825.9, 2848.2]
1 0 3.2649357308400795e-05 50417 [440, 640] [586.0, 634.4]
1 0 0.23970025777816772 50417 [450, 650] [586.0, 634.4]
1 0 0.000325612083543092 50417 [460, 660] [586.0, 634.4]
1 0 2.884847708628513e-05 50417 [470, 670] [586.0, 634.4]
1 0 0.001236214186064899 50417 [490, 690] [586.0, 634.4]
1 0 6.716937605233397e-06 50417 [500, 700] [586.0, 634.4]
1 0 0.005123191513121128 50417 [520, 720] [586.0, 634.4]
1 0 4.727920895675197e-05 50417 [530, 730] [586.0, 634.4]
1 0 0.31102076172828674 50417 [550, 750] [586.0, 634.4]
1 0 0.00181052484549582 50417 [560, 760] [586.0, 634.4]
1 0 0.00013207535084802657 50417 [860, 1060] [1036.5, 1054.1000000000001]
1 0 7.984648618730716e-06 50417 [870, 1070] [1036.5, 1054.1000000000001]
1 0 2.849440761565347e-06 50417 [880, 1080] [1036.5, 1054.1000000000001]
1 0 4.441364944796078e-05 50417 [890, 1090] [1036.5, 1054.1000000000001]
1 0 6.1573136918013915e-06 50417 [900, 1100] [1036.5, 1054.1000000000001]
1 0 2.6913210149359656e-06 50417 [910, 1110] [1036.5, 1054.1000000000001]
1 0 3.1145609682425857e-05 50417 [920, 1120] [1036.5, 1054.1000000000001]
1 0 7.355267371167429e-06 50417 [930, 1130] [1036.5, 1054.1000000000001]
1 0 4.9413511078455485e-06 50417 [940, 1140] [1036.5, 1054.1000000000001]
1 0 0.00018175675359088928 50417 [950, 1150] [1036.5, 1054.1000000000001]
1 0 1.435455124010332e-05 50417 [960, 1160] [1036.5, 1054.1000000000001]
1 0 0.00011821235966635868 50417 [970, 1170] [1036.5, 1054.1000000000001]
1 0 3.3541465427333605e-07 50417 [980, 1180] [1036.5, 1054.1000000000001]
1 0 1.580137762857703e-07 50417 [990, 1190] [1036.5, 1054.1000000000001]
1 0 1.7194750512317114e-07 50417 [1000, 1200] [1036.5, 1054.1000000000001]
1 0 4.093103882496507e-07 50417 [1010, 1210] [1036.5, 1054.1000000000001]
1 0 2.347131521673873e-05 50417 [1020, 1220] [1036.5, 1054.1000000000001]
1 0 7.473439836758189e-06 50417 [1030, 1230] [1036.5, 1054.1000000000001]
1 0 0.0001888973783934489 50417 [1050, 1250] [1213.4, 1244.2]
1 0 0.00020751592819578946 50417 [1060, 1260] [1213.4, 1244.2]
1 0 0.0001508339773863554 50417 [1070, 1270] [1213.4, 1244.2]
1 0 0.0005627868813462555 50417 [1080, 1280] [1213.4, 1244.2]
1 0 0.0001042069707182236 50417 [1090, 1290] [1213.4, 1244.2]
1 0 0.00018751347670331597 50417 [1100, 1300] [1213.4, 1244.2]
1 0 0.0011015370255336165 50417 [1110, 1310] [1213.4, 1244.2]
1 0 0.001245184219442308 50417 [1120, 1320] [1213.4, 1244.2]
1 0 0.0004543908580671996 50417 [1130, 1330] [1213.4, 1244.2]
1 0 0.0007685642340220511 50417 [1140, 1340] [1213.4, 1244.2]
1 0 0.0005903862765990198 50417 [1150, 1350] [1213.4, 1244.2]
1 0 0.009647254832088947 50417 [1160, 1360] [1213.4, 1244.2]
1 0 0.0020125017035752535 50417 [1170, 1370] [1213.4, 1244.2]
1 0 0.0004798423615284264 50417 [1180, 1380] [1213.4, 1244.2]
1 0 0.0007845762302167714 50417 [1190, 1390] [1213.4, 1244.2]
1 0 0.0003864307072944939 50417 [1200, 1400] [1213.4, 1244.2]
1 0 8.713338320376351e-05 50417 [1210, 1410] [1213.4, 1244.2]
1 0 0.4672819674015045 50417 [2070, 2270] [2230.9, 2261.1]
1 0 0.49142447113990784 50417 [2080, 2280] [2230.9, 2261.1]
1 0 0.42561519145965576 50417 [2110, 2310] [2230.9, 2261.1]
1 0 0.26290351152420044 50417 [2140, 2340] [2230.9, 2261.1]
1 0 0.3515211343765259 50417 [2160, 2360] [2230.9, 2261.1]
1 0 0.23638366162776947 50417 [2170, 2370] [2230.9, 2261.1]
1 0 0.47824403643608093 50417 [2190, 2390] [2230.9, 2261.1]
1 0 0.37069687247276306 50417 [2200, 2400] [2230.9, 2261.1]
1 0 0.05985238403081894 50417 [2220, 2420] [2230.9, 2261.1]
1 0 0.01580645702779293 50417 [2230, 2430] [2230.9, 2261.1]
1 0 0.4472830295562744 50417 [2820, 3020] [2830.2, 2850.5]
1 0 5.924561264691874e-06 01203 [3320, 3520] [3463.9, 3514.8]
1 0 3.5819200547848595e-06 01203 [3330, 3530] [3463.9, 3514.8]
1 0 1.7495648307885858e-06 01203 [3340, 3540] [3463.9, 3514.8]
1 0 6.2548915593652055e-06 01203 [3350, 3550] [3463.9, 3514.8]
1 0 8.411192538915202e-06 01203 [3360, 3560] [3463.9, 3514.8]
1 0 0.00015827675815671682 01203 [3370, 3570] [3463.9, 3514.8]
1 0 5.276838783174753e-05 01203 [3380, 3580] [3463.9, 3514.8]
1 0 1.43669039971428e-05 01203 [3390, 3590] [3463.9, 3514.8]
1 0 3.5010132705792785e-05 01203 [3400, 3600] [3463.9, 3514.8]
1 0 2.5832491701294202e-06 01203 [3410, 3610] [3463.9, 3514.8]
1 0 1.5856038544370676e-06 01203 [3420, 3620] [3463.9, 3514.8]
1 0 2.429844471407705e-06 01203 [3430, 3630] [3463.9, 3514.8]
1 0 1.1564795840968145e-06 01203 [3440, 3640] [3463.9, 3514.8]
1 0 9.422768698641448e-07 01203 [3450, 3650] [3463.9, 3514.8]
1 0 2.232614633612684e-06 01203 [3460, 3660] [3463.9, 3514.8]
1 0 0.06729840487241745 01113 [0, 200] [74.9, 81.4]
1 0 0.06619013100862503 01113 [10, 210] [74.9, 81.4]
1 0 0.39780494570732117 01113 [30, 230] [74.9, 81.4]
1 0 0.11504071205854416 01113 [40, 240] [74.9, 81.4]
1 0 0.4519694447517395 01113 [60, 260] [74.9, 81.4]
1 0 0.012988931499421597 01113 [70, 270] [74.9, 81.4]
1 0 5.979411525913747e-07 01113 [3530, 3730] [3709.5, 3729.5]
1 0 3.633669507507875e-07 01113 [3540, 3740] [3709.5, 3729.5]
1 0 1.8271830413141288e-06 01113 [3550, 3750] [3709.5, 3729.5]
1 0 3.855760041915346e-06 01113 [3560, 3760] [3709.5, 3729.5]
1 0 4.080848157173023e-06 01113 [3570, 3770] [3709.5, 3729.5]
1 0 3.10968971461989e-06 01113 [3580, 3780] [3709.5, 3729.5]
1 0 2.323567741768784e-06 01113 [3590, 3790] [3709.5, 3729.5]
1 0 2.7463452170195524e-06 01113 [3600, 3800] [3709.5, 3729.5]
1 0 4.472576051739452e-07 01113 [3610, 3810] [3709.5, 3729.5]
1 0 3.037891701751505e-06 01113 [3620, 3820] [3709.5, 3729.5]
1 0 6.5136709963553585e-06 01113 [3630, 3830] [3709.5, 3729.5]
1 0 1.1536474175954936e-06 01113 [3640, 3840] [3709.5, 3729.5]
1 0 1.8621320123202167e-05 01113 [3650, 3850] [3709.5, 3729.5]
1 0 9.651973232394084e-05 01113 [3660, 3860] [3709.5, 3729.5]
1 0 9.283814506488852e-06 01113 [3670, 3870] [3709.5, 3729.5]
1 0 0.00012387806782498956 01113 [3680, 3880] [3709.5, 3729.5]
1 0 0.00037009574589319527 01113 [3690, 3890] [3709.5, 3729.5]
1 0 3.1999372822610894e-06 01113 [3700, 3900] [3709.5, 3729.5]
1 0 0.010691497474908829 07602 [2130, 2330] [2280.7588501670175, 2322.3180464203315]
1 0 0.04712133854627609 07602 [2140, 2340] [2280.7588501670175, 2322.3180464203315]
1 0 0.012866170145571232 07602 [2150, 2350] [2280.7588501670175, 2322.3180464203315]
1 0 0.021101051941514015 07602 [2160, 2360] [2280.7588501670175, 2322.3180464203315]
1 0 0.04369940981268883 07602 [2170, 2370] [2280.7588501670175, 2322.3180464203315]
1 0 0.009322594851255417 07602 [2180, 2380] [2280.7588501670175, 2322.3180464203315]
1 0 0.023806842043995857 07602 [2190, 2390] [2280.7588501670175, 2322.3180464203315]
1 0 0.049559690058231354 07602 [2200, 2400] [2280.7588501670175, 2322.3180464203315]
1 0 0.027952415868639946 07602 [2210, 2410] [2280.7588501670175, 2322.3180464203315]
1 0 0.03798430413007736 07602 [2220, 2420] [2280.7588501670175, 2322.3180464203315]
1 0 0.045795440673828125 07602 [2230, 2430] [2280.7588501670175, 2322.3180464203315]
1 0 0.022265203297138214 07602 [2240, 2440] [2280.7588501670175, 2322.3180464203315]
1 0 0.03389089182019234 07602 [2250, 2450] [2280.7588501670175, 2322.3180464203315]
1 0 0.024004433304071426 07602 [2260, 2460] [2280.7588501670175, 2322.3180464203315]
1 0 0.01787579245865345 07602 [2270, 2470] [2280.7588501670175, 2322.3180464203315]
1 0 0.0002612520765978843 07602 [2280, 2480] [2280.7588501670175, 2322.3180464203315]
1 0 0.06056313216686249 07602 [2750, 2950] [2927.28033851028, 2943.4077878026114]
1 0 0.009751599282026291 07602 [2760, 2960] [2927.28033851028, 2943.4077878026114]
1 0 0.06906288117170334 07602 [2770, 2970] [2927.28033851028, 2943.4077878026114]
1 0 0.17276449501514435 07602 [2780, 2980] [2927.28033851028, 2943.4077878026114]
1 0 0.0072500333189964294 07602 [2790, 2990] [2927.28033851028, 2943.4077878026114]
1 0 0.052422862499952316 07602 [2800, 3000] [2927.28033851028, 2943.4077878026114]
1 0 0.003315310925245285 07602 [2810, 3010] [2927.28033851028, 2943.4077878026114]
1 0 0.00032888888381421566 07602 [2820, 3020] [2927.28033851028, 2943.4077878026114]
1 0 0.0005273135029710829 07602 [2830, 3030] [2927.28033851028, 2943.4077878026114]
1 0 0.00029244652250781655 07602 [2840, 3040] [2927.28033851028, 2943.4077878026114]
1 0 0.001294852583669126 07602 [2850, 3050] [2927.28033851028, 2943.4077878026114]
1 0 0.0003882607852574438 07602 [2860, 3060] [2927.28033851028, 2943.4077878026114]
1 0 0.00062036223243922 07602 [2870, 3070] [2927.28033851028, 2943.4077878026114]
1 0 0.00028409375227056444 07602 [2880, 3080] [2927.28033851028, 2943.4077878026114]
1 0 0.0003471020027063787 07602 [2890, 3090] [2927.28033851028, 2943.4077878026114]
1 0 0.0007445118972100317 07602 [2900, 3100] [2927.28033851028, 2943.4077878026114]
1 0 0.00029732479015365243 07602 [2910, 3110] [2927.28033851028, 2943.4077878026114]
1 0 0.001171759911812842 07602 [2920, 3120] [2927.28033851028, 2943.4077878026114]
1 0 5.812541985505959e-06 07602 [5320, 5520] [5491.261964490875, 5517.313997963101]
1 0 1.0434895557409618e-05 07602 [5330, 5530] [5491.261964490875, 5517.313997963101]
1 0 1.1462458132882603e-05 07602 [5340, 5540] [5491.261964490875, 5517.313997963101]
1 0 2.46791091740306e-06 07602 [5350, 5550] [5491.261964490875, 5517.313997963101]
1 0 1.6524565580766648e-05 07602 [5360, 5560] [5491.261964490875, 5517.313997963101]
1 0 1.3665341612068005e-05 07602 [5370, 5570] [5491.261964490875, 5517.313997963101]
1 0 4.669168731652462e-07 07602 [5380, 5580] [5491.261964490875, 5517.313997963101]
1 0 3.2935528793132107e-07 07602 [5390, 5590] [5491.261964490875, 5517.313997963101]
1 0 1.6881560895853909e-06 07602 [5400, 5600] [5491.261964490875, 5517.313997963101]
1 0 3.872512934322003e-06 07602 [5410, 5610] [5491.261964490875, 5517.313997963101]
1 0 1.1977939493590384e-06 07602 [5420, 5620] [5491.261964490875, 5517.313997963101]
1 0 9.378094546264037e-05 07602 [5430, 5630] [5491.261964490875, 5517.313997963101]
1 0 1.637705099710729e-05 07602 [5440, 5640] [5491.261964490875, 5517.313997963101]
1 0 3.0074886581132887e-06 07602 [5450, 5650] [5491.261964490875, 5517.313997963101]
1 0 1.1332397662044968e-05 07602 [5460, 5660] [5491.261964490875, 5517.313997963101]
1 0 1.075933687388897e-05 07602 [5470, 5670] [5491.261964490875, 5517.313997963101]
1 0 1.3803504543830059e-06 07602 [5480, 5680] [5491.261964490875, 5517.313997963101]
1 0 1.257871531379351e-06 07602 [5490, 5690] [5491.261964490875, 5517.313997963101]
1 0 0.2029414176940918 28608 [3600, 3800] [3730.150187588309, 3750.3816362276234]
1 0 0.45496952533721924 28608 [3610, 3810] [3730.150187588309, 3750.3816362276234]
1 0 0.19182442128658295 28608 [3630, 3830] [3730.150187588309, 3750.3816362276234]
1 0 0.19326861202716827 28608 [3660, 3860] [3730.150187588309, 3750.3816362276234]
1 0 0.36635419726371765 28608 [3690, 3890] [3730.150187588309, 3750.3816362276234]
1 0 0.1149686872959137 28608 [3720, 3920] [3730.150187588309, 3750.3816362276234]
1 0 0.15884019434452057 28608 [3730, 3930] [3730.150187588309, 3750.3816362276234]
1 0 0.2087036520242691 28608 [4260, 4460] [4443.299657484369, 4451.1032162452475]
1 0 0.10729492455720901 28608 [4280, 4480] [4443.299657484369, 4451.1032162452475]
1 0 0.3985268771648407 28608 [4290, 4490] [4443.299657484369, 4451.1032162452475]
1 0 0.14752286672592163 28608 [4310, 4510] [4443.299657484369, 4451.1032162452475]
1 0 0.39954912662506104 28608 [4320, 4520] [4443.299657484369, 4451.1032162452475]
1 0 0.03486486151814461 28608 [4340, 4540] [4443.299657484369, 4451.1032162452475]
1 0 0.027988042682409286 28608 [4350, 4550] [4443.299657484369, 4451.1032162452475]
1 0 0.10759981721639633 28608 [4370, 4570] [4443.299657484369, 4451.1032162452475]
1 0 0.09460128098726273 28608 [4380, 4580] [4443.299657484369, 4451.1032162452475]
1 0 0.20933353900909424 28608 [4400, 4600] [4443.299657484369, 4451.1032162452475]
1 0 0.17350850999355316 28608 [4410, 4610] [4443.299657484369, 4451.1032162452475]
1 0 0.03176320344209671 28608 [4430, 4630] [4443.299657484369, 4451.1032162452475]
1 0 0.0371597595512867 28608 [4440, 4640] [4443.299657484369, 4451.1032162452475]
1 0 0.011128040961921215 49122 [1860, 2060] [1999.2, 2058.8]
1 0 0.19046661257743835 49122 [1870, 2070] [1999.2, 2058.8]
1 0 0.005267823114991188 49122 [1880, 2080] [1999.2, 2058.8]
1 0 0.01458801981061697 49122 [1890, 2090] [1999.2, 2058.8]
1 0 0.2114006131887436 49122 [1900, 2100] [1999.2, 2058.8]
1 0 0.006036179605871439 49122 [1910, 2110] [1999.2, 2058.8]
1 0 0.011254207231104374 49122 [1920, 2120] [1999.2, 2058.8]
1 0 0.21848085522651672 49122 [1930, 2130] [1999.2, 2058.8]
1 0 0.008608452044427395 49122 [1940, 2140] [1999.2, 2058.8]
1 0 0.03884413465857506 49122 [1950, 2150] [1999.2, 2058.8]
1 0 0.21799065172672272 49122 [1960, 2160] [1999.2, 2058.8]
1 0 0.007333902642130852 49122 [1970, 2170] [1999.2, 2058.8]
1 0 7.626476872246712e-05 49122 [1980, 2180] [1999.2, 2058.8]
1 0 0.039368193596601486 49122 [1990, 2190] [1999.2, 2058.8]
1 0 2.5048720431186666e-07 49122 [2000, 2200] [2096.0, 2149.9]
1 0 2.403093048997107e-07 49122 [2010, 2210] [2096.0, 2149.9]
1 0 4.920781861983414e-07 49122 [2020, 2220] [2096.0, 2149.9]
1 0 2.793139799450728e-07 49122 [2030, 2230] [2096.0, 2149.9]
1 0 6.471428832810489e-07 49122 [2040, 2240] [2096.0, 2149.9]
1 0 5.353485903469846e-06 49122 [2050, 2250] [2096.0, 2149.9]
1 0 8.94305458132294e-07 49122 [2060, 2260] [2096.0, 2149.9]
1 0 9.551569064569776e-07 49122 [2070, 2270] [2096.0, 2149.9]
1 0 2.1582696717814542e-05 49122 [2080, 2280] [2096.0, 2149.9]
1 0 2.576800568476756e-07 49122 [2090, 2290] [2096.0, 2149.9]
1 0 3.807431767199887e-06 48413 [840, 1040] [1003.3, 1033.7]
1 0 8.102362698991783e-06 48413 [850, 1050] [1003.3, 1033.7]
1 0 2.0692490579676814e-05 48413 [860, 1060] [1003.3, 1033.7]
1 0 3.5240107081335736e-06 48413 [870, 1070] [1003.3, 1033.7]
1 0 1.7368687394991866e-06 48413 [880, 1080] [1003.3, 1033.7]
1 0 1.255473125638673e-05 48413 [890, 1090] [1003.3, 1033.7]
1 0 4.096691100130556e-06 48413 [900, 1100] [1003.3, 1033.7]
1 0 3.5452842439553933e-06 48413 [910, 1110] [1003.3, 1033.7]
1 0 4.270387580618262e-05 48413 [920, 1120] [1003.3, 1033.7]
1 0 5.1391369197517633e-05 48413 [930, 1130] [1003.3, 1033.7]
1 0 8.885188549356826e-07 48413 [940, 1140] [1003.3, 1033.7]
1 0 3.1888725970929954e-06 48413 [950, 1150] [1003.3, 1033.7]
1 0 1.2422873396644718e-07 48413 [960, 1160] [1003.3, 1033.7]
1 0 3.4239499768773385e-07 48413 [970, 1170] [1003.3, 1033.7]
1 0 2.5172815298901696e-07 48413 [980, 1180] [1003.3, 1033.7]
1 0 6.044231781743292e-07 48413 [990, 1190] [1003.3, 1033.7]
1 0 5.555802090384532e-06 48413 [1000, 1200] [1003.3, 1033.7]
1 0 0.008623615838587284 48413 [1470, 1670] [1639.3000000000002, 1665.3]
1 0 0.016883129253983498 48413 [1480, 1680] [1639.3000000000002, 1665.3]
1 0 0.00796017237007618 48413 [1490, 1690] [1639.3000000000002, 1665.3]
1 0 0.12172865867614746 48413 [1500, 1700] [1639.3000000000002, 1665.3]
1 0 0.05916138365864754 48413 [1510, 1710] [1639.3000000000002, 1665.3]
1 0 0.06612759083509445 48413 [1520, 1720] [1639.3000000000002, 1665.3]
1 0 0.2556290924549103 48413 [1530, 1730] [1639.3000000000002, 1665.3]
1 0 0.20991459488868713 48413 [1540, 1740] [1639.3000000000002, 1665.3]
1 0 0.027693919837474823 48413 [1550, 1750] [1639.3000000000002, 1665.3]
1 0 0.13625089824199677 48413 [1560, 1760] [1639.3000000000002, 1665.3]
1 0 0.3261156976222992 48413 [1580, 1780] [1639.3000000000002, 1665.3]
1 0 0.258922815322876 48413 [1610, 1810] [1639.3000000000002, 1665.3]
1 0 0.0009182263747788966 48413 [1650, 1850] [1749.7, 1777.0]
1 0 0.05088149011135101 48413 [1660, 1860] [1749.7, 1777.0]
1 0 8.190024345822167e-06 48413 [1670, 1870] [1749.7, 1777.0]
1 0 6.809798651374876e-05 48413 [1680, 1880] [1749.7, 1777.0]
1 0 0.1201004609465599 48413 [1690, 1890] [1749.7, 1777.0]
1 0 0.0002575038524810225 48413 [1700, 1900] [1749.7, 1777.0]
1 0 0.0013890867121517658 48413 [1710, 1910] [1749.7, 1777.0]
1 0 0.46571236848831177 48413 [1720, 1920] [1749.7, 1777.0]
1 0 0.3116222620010376 48413 [1730, 1930] [1749.7, 1777.0]
1 0 0.03565000742673874 48413 [1740, 1940] [1749.7, 1777.0]
1 0 0.43376821279525757 48413 [1750, 1950] [1750.1000000000001, 1781.7]
1 0 0.446972131729126 48413 [5200, 5400] [5309.400000000001, 5342.3]
1 0 0.00030684543889947236 48412 [2860, 3060] [3031.8, 3050.4]
1 0 0.0393197275698185 50419 [4850, 5050] [5018.5, 5041.6]
1 0 0.009196369908750057 50419 [4870, 5070] [5018.5, 5041.6]
1 0 0.04873725399374962 50419 [4900, 5100] [5018.5, 5041.6]
1 0 0.00876670517027378 50419 [4910, 5110] [5018.5, 5041.6]
1 0 0.00323493592441082 50419 [4930, 5130] [5018.5, 5041.6]
1 0 0.0092617841437459 50419 [4940, 5140] [5018.5, 5041.6]
1 0 0.0007744605536572635 50419 [4960, 5160] [5018.5, 5041.6]
1 0 0.0035631926730275154 50419 [4970, 5170] [5018.5, 5041.6]
1 0 8.361467916984111e-05 50419 [4990, 5190] [5018.5, 5041.6]
1 0 0.0007568164146505296 50419 [5000, 5200] [5018.5, 5041.6]
1 0 0.17761220037937164 50419 [5010, 5210] [5018.5, 5041.6]
1 0 4.869099211646244e-05 49116 [3180, 3380] [3352.7000000000003, 3375.0]
1 0 1.6486617823829874e-05 49116 [3190, 3390] [3352.7000000000003, 3375.0]
1 0 5.5497548601124436e-05 49116 [3200, 3400] [3352.7000000000003, 3375.0]
1 0 0.00010022347851190716 49116 [3210, 3410] [3352.7000000000003, 3375.0]
1 0 2.1388088498497382e-05 49116 [3220, 3420] [3352.7000000000003, 3375.0]
1 0 5.656785288010724e-05 49116 [3230, 3430] [3352.7000000000003, 3375.0]
1 0 0.00011806782276835293 49116 [3240, 3440] [3352.7000000000003, 3375.0]
1 0 1.909119418996852e-05 49116 [3250, 3450] [3352.7000000000003, 3375.0]
1 0 5.522745777852833e-05 49116 [3260, 3460] [3352.7000000000003, 3375.0]
1 0 0.00013288167247083038 49116 [3270, 3470] [3352.7000000000003, 3375.0]
1 0 4.906335743726231e-05 49116 [3280, 3480] [3352.7000000000003, 3375.0]
1 0 0.007585456594824791 49116 [3290, 3490] [3352.7000000000003, 3375.0]
1 0 0.010928968898952007 49116 [3300, 3500] [3352.7000000000003, 3375.0]
1 0 2.575341750343796e-05 49116 [3310, 3510] [3352.7000000000003, 3375.0]
1 0 7.469093543477356e-05 49116 [3320, 3520] [3352.7000000000003, 3375.0]
1 0 0.0003070341772399843 49116 [3330, 3530] [3352.7000000000003, 3375.0]
1 0 2.9841279683751054e-05 49116 [3340, 3540] [3352.7000000000003, 3375.0]
1 0 1.9758739654207602e-05 49116 [3350, 3550] [3352.7000000000003, 3375.0]
1 0 0.00032758491579443216 49116 [3360, 3560] [3484.2, 3505.8999999999996]
1 0 2.2923155484022573e-05 49116 [3370, 3570] [3484.2, 3505.8999999999996]
1 0 2.0798197510885075e-05 49116 [3380, 3580] [3484.2, 3505.8999999999996]
1 0 0.0003628258709795773 49116 [3390, 3590] [3484.2, 3505.8999999999996]
1 0 3.006402221217286e-05 49116 [3400, 3600] [3484.2, 3505.8999999999996]
1 0 2.9708959118579514e-05 49116 [3410, 3610] [3484.2, 3505.8999999999996]
1 0 0.00034966954262927175 49116 [3420, 3620] [3484.2, 3505.8999999999996]
1 0 3.4432279790053144e-05 49116 [3430, 3630] [3484.2, 3505.8999999999996]
1 0 2.111473622790072e-05 49116 [3440, 3640] [3484.2, 3505.8999999999996]
1 0 0.0002704850921873003 49116 [3450, 3650] [3484.2, 3505.8999999999996]
1 0 3.5506676795193925e-05 49116 [3460, 3660] [3484.2, 3505.8999999999996]
1 0 7.910478416306432e-06 49116 [3470, 3670] [3484.2, 3505.8999999999996]
1 0 7.3369960773561615e-06 49116 [3480, 3680] [3484.2, 3505.8999999999996]
1 0 7.092224677762715e-06 50112 [2090, 2290] [2260.1, 2283.1]
1 0 2.4129911253112368e-05 50112 [2100, 2300] [2260.1, 2283.1]
1 0 1.826061816245783e-05 50112 [2110, 2310] [2260.1, 2283.1]
1 0 1.1984397133346647e-05 50112 [2120, 2320] [2260.1, 2283.1]
1 0 5.997697007842362e-05 50112 [2130, 2330] [2260.1, 2283.1]
1 0 2.193877662648447e-05 50112 [2140, 2340] [2260.1, 2283.1]
1 0 3.872035813401453e-05 50112 [2150, 2350] [2260.1, 2283.1]
1 0 9.303319529863074e-05 50112 [2160, 2360] [2260.1, 2283.1]
1 0 3.313791603432037e-05 50112 [2170, 2370] [2260.1, 2283.1]
1 0 7.386208744719625e-05 50112 [2180, 2380] [2260.1, 2283.1]
1 0 0.00012709102884400636 50112 [2190, 2390] [2260.1, 2283.1]
1 0 3.4134765883209184e-05 50112 [2200, 2400] [2260.1, 2283.1]
1 0 2.968151784443762e-05 50112 [2210, 2410] [2260.1, 2283.1]
1 0 2.390521694906056e-05 50112 [2220, 2420] [2260.1, 2283.1]
1 0 1.6818645235616714e-05 50112 [2230, 2430] [2260.1, 2283.1]
1 0 2.101666177622974e-05 50112 [2240, 2440] [2260.1, 2283.1]
1 0 2.7210073312744498e-05 50112 [2250, 2450] [2260.1, 2283.1]
1 0 7.777167047606781e-05 50112 [2260, 2460] [2260.1, 2283.1]
1 0 0.0005022574914619327 49119 [390, 590] [521.5, 581.1]
1 0 1.5130960946407868e-06 49119 [400, 600] [521.5, 581.1]
1 0 2.634753764141351e-05 49119 [410, 610] [521.5, 581.1]
1 0 0.0005506225861608982 49119 [420, 620] [521.5, 581.1]
1 0 8.648815423839551e-07 49119 [430, 630] [521.5, 581.1]
1 0 5.412704558693804e-05 49119 [440, 640] [521.5, 581.1]
1 0 0.0007044938392937183 49119 [450, 650] [521.5, 581.1]
1 0 1.8574176010588417e-06 49119 [460, 660] [521.5, 581.1]
1 0 0.00020114546350669116 49119 [470, 670] [521.5, 581.1]
1 0 0.01662915013730526 49119 [480, 680] [521.5, 581.1]
1 0 2.9703958261961816e-06 49119 [490, 690] [521.5, 581.1]
1 0 9.254995347873773e-06 49119 [500, 700] [521.5, 581.1]
1 0 8.743102080188692e-05 49119 [510, 710] [521.5, 581.1]
1 0 2.6508496375754476e-07 49119 [520, 720] [521.5, 581.1]
1 0 0.003072762629017234 49119 [1770, 1970] [1929.7, 1962.0]
1 0 0.0002462751290295273 49119 [1780, 1980] [1929.7, 1962.0]
1 0 0.03750861808657646 49119 [1790, 1990] [1929.7, 1962.0]
1 0 0.00566083425655961 49119 [1800, 2000] [1929.7, 1962.0]
1 0 0.00035878978087566793 49119 [1810, 2010] [1929.7, 1962.0]
1 0 0.15136787295341492 49119 [1820, 2020] [1929.7, 1962.0]
1 0 0.28280362486839294 49119 [1830, 2030] [1929.7, 1962.0]
1 0 0.016982557252049446 49119 [1840, 2040] [1929.7, 1962.0]
1 0 0.3653227984905243 49119 [1850, 2050] [1929.7, 1962.0]
1 0 9.998739187722094e-06 49119 [1860, 2060] [1929.7, 1962.0]
1 0 3.409089913475327e-06 49119 [1870, 2070] [1929.7, 1962.0]
1 0 4.866148174187401e-06 49119 [1880, 2080] [1929.7, 1962.0]
1 0 5.794553362648003e-05 49119 [1890, 2090] [1929.7, 1962.0]
1 0 0.09383897483348846 49119 [1900, 2100] [1929.7, 1962.0]
1 0 0.017498083412647247 49119 [1910, 2110] [1929.7, 1962.0]
1 0 0.03476996719837189 49119 [1940, 2140] [2074.3, 2123.3]
1 0 0.08046161383390427 49119 [1970, 2170] [2074.3, 2123.3]
1 0 0.04656153917312622 49119 [2000, 2200] [2074.3, 2123.3]
1 0 0.4156855642795563 49119 [2030, 2230] [2074.3, 2123.3]
1 0 0.016678892076015472 49119 [2060, 2260] [2074.3, 2123.3]
1 0 0.0008654641569592059 49119 [2070, 2270] [2074.3, 2123.3]
1 0 0.00019757100380957127 48612 [670, 870] [838.1999999999999, 860.5]
1 0 9.802693966776133e-05 48612 [680, 880] [838.1999999999999, 860.5]
1 0 0.0014141343999654055 48612 [690, 890] [838.1999999999999, 860.5]
1 0 0.0002486522134859115 48612 [700, 900] [838.1999999999999, 860.5]
1 0 0.00015837776300031692 48612 [710, 910] [838.1999999999999, 860.5]
1 0 0.008333410136401653 48612 [720, 920] [838.1999999999999, 860.5]
1 0 0.000342114653903991 48612 [730, 930] [838.1999999999999, 860.5]
1 0 0.0005378115456551313 48612 [740, 940] [838.1999999999999, 860.5]
1 0 0.011485280469059944 48612 [750, 950] [838.1999999999999, 860.5]
1 0 0.00011376015027053654 48612 [760, 960] [838.1999999999999, 860.5]
1 0 0.003031764179468155 48612 [770, 970] [838.1999999999999, 860.5]
1 0 0.0031964536756277084 48612 [780, 980] [838.1999999999999, 860.5]
1 0 7.466573151759803e-05 48612 [790, 990] [838.1999999999999, 860.5]
1 0 0.008557169698178768 48612 [800, 1000] [838.1999999999999, 860.5]
1 0 0.011395570822060108 48612 [810, 1010] [838.1999999999999, 860.5]
1 0 7.927921251393855e-05 48612 [820, 1020] [838.1999999999999, 860.5]
1 0 0.001491081202402711 48612 [830, 1030] [838.1999999999999, 860.5]
1 0 0.00010099213250214234 11629 [5430, 5630] [5595.442145421135, 5627.697044005798]
1 0 0.00020620785653591156 11629 [5440, 5640] [5595.442145421135, 5627.697044005798]
1 0 0.0002835403720382601 11629 [5450, 5650] [5595.442145421135, 5627.697044005798]
1 0 9.035756374942139e-05 11629 [5460, 5660] [5595.442145421135, 5627.697044005798]
1 0 0.00029612219077534974 11629 [5470, 5670] [5595.442145421135, 5627.697044005798]
1 0 0.00033437737147323787 11629 [5480, 5680] [5595.442145421135, 5627.697044005798]
1 0 0.00038983888225629926 11629 [5490, 5690] [5595.442145421135, 5627.697044005798]
1 0 1.456698100810172e-06 11629 [5500, 5700] [5595.442145421135, 5627.697044005798]
1 0 2.3330444491875824e-06 11629 [5510, 5710] [5595.442145421135, 5627.697044005798]
1 0 7.417788765451405e-07 11629 [5520, 5720] [5595.442145421135, 5627.697044005798]
1 0 2.104187615259434e-06 11629 [5530, 5730] [5595.442145421135, 5627.697044005798]
1 0 2.742513515840983e-06 11629 [5540, 5740] [5595.442145421135, 5627.697044005798]
1 0 9.516182899460546e-07 11629 [5550, 5750] [5595.442145421135, 5627.697044005798]
1 0 6.0591319197556e-06 11629 [5560, 5760] [5595.442145421135, 5627.697044005798]
1 0 4.286626062821597e-05 11629 [5570, 5770] [5595.442145421135, 5627.697044005798]
1 0 3.828937224170659e-06 11629 [5580, 5780] [5595.442145421135, 5627.697044005798]
1 0 4.079540758539224e-06 11629 [5590, 5790] [5595.442145421135, 5627.697044005798]
1 0 0.020788637921214104 48308 [890, 1090] [1056.2, 1078.5]
1 0 0.029180049896240234 48308 [910, 1110] [1056.2, 1078.5]
1 0 0.00010977832425851375 48308 [920, 1120] [1056.2, 1078.5]
1 0 0.10974454879760742 48308 [930, 1130] [1056.2, 1078.5]
1 0 0.2849414050579071 48308 [940, 1140] [1056.2, 1078.5]
1 0 0.002095257630571723 48308 [950, 1150] [1056.2, 1078.5]
1 0 0.004178535658866167 48308 [980, 1180] [1056.2, 1078.5]
1 0 0.461294025182724 48308 [1000, 1200] [1056.2, 1078.5]
1 0 0.0022218748927116394 48308 [1010, 1210] [1056.2, 1078.5]
1 0 0.08978048712015152 48308 [1040, 1240] [1056.2, 1078.5]
1 0 0.08164723217487335 50220 [750, 950] [912.3, 945.2]
1 0 0.2852150797843933 50220 [760, 960] [912.3, 945.2]
1 0 0.11264031380414963 50220 [770, 970] [912.3, 945.2]
1 0 0.149493008852005 50220 [780, 980] [912.3, 945.2]
1 0 0.41129201650619507 50220 [790, 990] [912.3, 945.2]
1 0 0.060209937393665314 50220 [800, 1000] [912.3, 945.2]
1 0 0.08050132542848587 50220 [810, 1010] [912.3, 945.2]
1 0 0.07695499062538147 50220 [820, 1020] [912.3, 945.2]
1 0 0.0004513863241299987 50220 [830, 1030] [912.3, 945.2]
1 0 4.239566806063522e-06 50220 [840, 1040] [912.3, 945.2]
1 0 0.027849379926919937 50220 [850, 1050] [912.3, 945.2]
1 0 0.013476603664457798 50220 [860, 1060] [912.3, 945.2]
1 0 0.00022602066746912897 50220 [870, 1070] [912.3, 945.2]
1 0 0.309845507144928 50220 [880, 1080] [912.3, 945.2]
1 0 0.010930031538009644 50220 [890, 1090] [912.3, 945.2]
1 0 0.002960283076390624 50220 [900, 1100] [912.3, 945.2]
1 0 0.3544243574142456 50220 [910, 1110] [912.3, 945.2]
1 0 0.0006016065017320216 49418 [980, 1180] [1151.4, 1176.9]
1 0 0.03663253411650658 49418 [990, 1190] [1151.4, 1176.9]
1 0 0.41042083501815796 50306 [1440, 1640] [1562.8, 1631.2]
1 0 6.975905125727877e-05 50306 [2640, 2840] [2795.7000000000003, 2832.4]
1 0 0.003941877745091915 50306 [2650, 2850] [2795.7000000000003, 2832.4]
1 0 0.001854147994890809 50306 [2660, 2860] [2795.7000000000003, 2832.4]
1 0 0.00011813415767392144 50306 [2670, 2870] [2795.7000000000003, 2832.4]
1 0 0.007010540459305048 50306 [2680, 2880] [2795.7000000000003, 2832.4]
1 0 0.003291982924565673 50306 [2690, 2890] [2795.7000000000003, 2832.4]
1 0 0.004615632351487875 50306 [2700, 2900] [2795.7000000000003, 2832.4]
1 0 0.0002497368259355426 50306 [2710, 2910] [2795.7000000000003, 2832.4]
1 0 0.008918723091483116 50306 [2720, 2920] [2795.7000000000003, 2832.4]
1 0 0.00710751349106431 50306 [2730, 2930] [2795.7000000000003, 2832.4]
1 0 0.0002519127738196403 50306 [2740, 2940] [2795.7000000000003, 2832.4]
1 0 0.00234916596673429 50306 [2750, 2950] [2795.7000000000003, 2832.4]
1 0 0.009304222650825977 50306 [2760, 2960] [2795.7000000000003, 2832.4]
1 0 0.0036916970275342464 50306 [2770, 2970] [2795.7000000000003, 2832.4]
1 0 0.1262601613998413 50306 [2780, 2980] [2795.7000000000003, 2832.4]
1 0 0.058188941329717636 50306 [2790, 2990] [2795.7000000000003, 2832.4]
1 0 0.33946606516838074 02412 [3670, 3870] [3686.6794474090293, 3743.745806443431]
1 0 0.06329651921987534 02412 [3680, 3880] [3686.6794474090293, 3743.745806443431]
1 0 0.00011430730955908075 02412 [3970, 4170] [4136.31932514079, 4166.093077680478]
1 0 0.00037023951881565154 02412 [3980, 4180] [4136.31932514079, 4166.093077680478]
1 0 0.0012000740971416235 02412 [4000, 4200] [4136.31932514079, 4166.093077680478]
1 0 0.004533557686954737 02412 [4010, 4210] [4136.31932514079, 4166.093077680478]
1 0 0.1591813862323761 50129 [390, 590] [557.1, 581.6]
1 0 0.008059768006205559 50129 [400, 600] [557.1, 581.6]
1 0 0.42164334654808044 50129 [410, 610] [557.1, 581.6]
1 0 0.02817303128540516 50129 [420, 620] [557.1, 581.6]
1 0 0.06618031859397888 50129 [430, 630] [557.1, 581.6]
1 0 0.45155566930770874 50129 [440, 640] [557.1, 581.6]
1 0 0.02388252504169941 50129 [450, 650] [557.1, 581.6]
1 0 0.01768762618303299 50129 [460, 660] [557.1, 581.6]
1 0 0.3321252167224884 50129 [470, 670] [557.1, 581.6]
1 0 0.0003719987580552697 50129 [480, 680] [557.1, 581.6]
1 0 0.0005024430574849248 50129 [490, 690] [557.1, 581.6]
1 0 0.004915560130029917 50129 [500, 700] [557.1, 581.6]
1 0 0.00040787726175040007 50129 [510, 710] [557.1, 581.6]
1 0 0.001011254615150392 50129 [520, 720] [557.1, 581.6]
1 0 0.02570982277393341 50129 [530, 730] [557.1, 581.6]
1 0 0.0008220396703109145 50129 [540, 740] [557.1, 581.6]
1 0 0.3309890031814575 50129 [550, 750] [557.1, 581.6]
1 0 0.022170182317495346 47421 [1060, 1260] [1223.424747753022, 1250.0970677364926]
1 0 0.012166301719844341 47421 [1070, 1270] [1223.424747753022, 1250.0970677364926]
1 0 0.04140195623040199 47421 [1080, 1280] [1223.424747753022, 1250.0970677364926]
1 0 0.012282256036996841 47421 [1090, 1290] [1223.424747753022, 1250.0970677364926]
1 0 0.033344678580760956 47421 [1100, 1300] [1223.424747753022, 1250.0970677364926]
1 0 0.006662948057055473 47421 [1110, 1310] [1223.424747753022, 1250.0970677364926]
1 0 0.004352905321866274 47421 [1120, 1320] [1223.424747753022, 1250.0970677364926]
1 0 0.0005134830134920776 47421 [1130, 1330] [1223.424747753022, 1250.0970677364926]
1 0 0.0006911998498253524 47421 [1140, 1340] [1223.424747753022, 1250.0970677364926]
1 0 0.0003244779072701931 47421 [1150, 1350] [1223.424747753022, 1250.0970677364926]
1 0 5.9724643506342545e-05 47421 [1160, 1360] [1223.424747753022, 1250.0970677364926]
1 0 0.00021774093329440802 47421 [1170, 1370] [1223.424747753022, 1250.0970677364926]
1 0 0.11241166293621063 47421 [1180, 1380] [1223.424747753022, 1250.0970677364926]
1 0 0.00011478419764898717 47421 [1190, 1390] [1223.424747753022, 1250.0970677364926]
1 0 1.9702159988810308e-05 47421 [1200, 1400] [1223.424747753022, 1250.0970677364926]
1 0 6.902415043441579e-05 47421 [1210, 1410] [1223.424747753022, 1250.0970677364926]
1 0 8.500941476086155e-05 47421 [1220, 1420] [1223.424747753022, 1250.0970677364926]
1 0 0.006956640165299177 22129 [0, 200] [31.67141602672269, 77.5726178587417]
1 0 0.12329615652561188 22129 [10, 210] [31.67141602672269, 77.5726178587417]
1 0 0.12420573085546494 22129 [20, 220] [31.67141602672269, 77.5726178587417]
1 0 0.3092675507068634 22129 [30, 230] [31.67141602672269, 77.5726178587417]
1 0 8.390563380089588e-06 22129 [2260, 2460] [2418.0595210496376, 2450.3144196342996]
1 0 1.656421591178514e-05 22129 [2270, 2470] [2418.0595210496376, 2450.3144196342996]
1 0 6.501316238427535e-05 22129 [2280, 2480] [2418.0595210496376, 2450.3144196342996]
1 0 1.4821891454630531e-05 22129 [2290, 2490] [2418.0595210496376, 2450.3144196342996]
1 0 4.274657112546265e-05 22129 [2300, 2500] [2418.0595210496376, 2450.3144196342996]
1 0 4.146038554608822e-05 22129 [2310, 2510] [2418.0595210496376, 2450.3144196342996]
1 0 1.533680915599689e-05 22129 [2320, 2520] [2418.0595210496376, 2450.3144196342996]
1 0 4.629882823792286e-05 22129 [2330, 2530] [2418.0595210496376, 2450.3144196342996]
1 0 6.807824684074149e-05 22129 [2340, 2540] [2418.0595210496376, 2450.3144196342996]
1 0 0.00015292721218429506 22129 [2350, 2550] [2418.0595210496376, 2450.3144196342996]
1 0 3.077342626056634e-05 22129 [2360, 2560] [2418.0595210496376, 2450.3144196342996]
1 0 2.917636493293685e-06 22129 [2370, 2570] [2418.0595210496376, 2450.3144196342996]
1 0 1.3098820090817753e-05 22129 [2380, 2580] [2418.0595210496376, 2450.3144196342996]
1 0 3.851541623589583e-05 22129 [2390, 2590] [2418.0595210496376, 2450.3144196342996]
1 0 2.996006514877081e-06 22129 [2400, 2600] [2418.0595210496376, 2450.3144196342996]
1 0 1.5600002370774746e-05 22129 [2410, 2610] [2418.0595210496376, 2450.3144196342996]
1 0 0.0007481398642994463 01218 [640, 840] [783.3000000000001, 837.4000000000001]
1 0 0.2825881838798523 01218 [650, 850] [783.3000000000001, 837.4000000000001]
1 0 0.0007541795494034886 01218 [670, 870] [783.3000000000001, 837.4000000000001]
1 0 0.37512850761413574 01218 [680, 880] [783.3000000000001, 837.4000000000001]
1 0 0.006582342553883791 01218 [700, 900] [783.3000000000001, 837.4000000000001]
1 0 0.01679956540465355 01218 [730, 930] [783.3000000000001, 837.4000000000001]
1 0 0.016920574009418488 01218 [760, 960] [783.3000000000001, 837.4000000000001]
1 0 0.46737903356552124 01218 [770, 970] [783.3000000000001, 837.4000000000001]
1 0 0.44650647044181824 01218 [780, 980] [783.3000000000001, 837.4000000000001]
1 0 1.876852911664173e-05 38201 [820, 1020] [961.6638400082647, 1015.6287664864493]
1 0 0.00029935993370600045 38201 [830, 1030] [961.6638400082647, 1015.6287664864493]
1 0 0.00429556192830205 38201 [840, 1040] [961.6638400082647, 1015.6287664864493]
1 0 0.0006812460487708449 38201 [850, 1050] [961.6638400082647, 1015.6287664864493]
1 0 0.001052936539053917 38201 [860, 1060] [961.6638400082647, 1015.6287664864493]
1 0 0.0008474551141262054 38201 [870, 1070] [961.6638400082647, 1015.6287664864493]
1 0 0.004284125752747059 38201 [880, 1080] [961.6638400082647, 1015.6287664864493]
1 0 0.015239086002111435 38201 [890, 1090] [961.6638400082647, 1015.6287664864493]
1 0 0.026478148996829987 38201 [900, 1100] [961.6638400082647, 1015.6287664864493]
1 0 0.007638710085302591 38201 [910, 1110] [961.6638400082647, 1015.6287664864493]
1 0 0.01892341859638691 38201 [920, 1120] [961.6638400082647, 1015.6287664864493]
1 0 0.03291589394211769 38201 [930, 1130] [961.6638400082647, 1015.6287664864493]
1 0 0.012977836653590202 38201 [940, 1140] [961.6638400082647, 1015.6287664864493]
1 0 0.021096859127283096 38201 [950, 1150] [961.6638400082647, 1015.6287664864493]
1 0 0.005330351646989584 38201 [960, 1160] [961.6638400082647, 1015.6287664864493]
1 0 0.49197813868522644 50114 [2190, 2390] [2351.4, 2383.7]
1 0 0.49282923340797424 50114 [2220, 2420] [2351.4, 2383.7]
1 0 0.0033000875264406204 50114 [3090, 3290] [3255.2, 3287.4]
1 0 0.00016589857114013284 50114 [3100, 3300] [3255.2, 3287.4]
1 0 0.00011545766028575599 50114 [3110, 3310] [3255.2, 3287.4]
1 0 0.008800795301795006 50114 [3120, 3320] [3255.2, 3287.4]
1 0 0.0003945255884900689 50114 [3130, 3330] [3255.2, 3287.4]
1 0 0.00023843414965085685 50114 [3140, 3340] [3255.2, 3287.4]
1 0 0.0155548807233572 50114 [3150, 3350] [3255.2, 3287.4]
1 0 0.0007027043029665947 50114 [3160, 3360] [3255.2, 3287.4]
1 0 0.00021218819892965257 50114 [3170, 3370] [3255.2, 3287.4]
1 0 0.0018900512950494885 50114 [3180, 3380] [3255.2, 3287.4]
1 0 0.004653278738260269 50114 [3190, 3390] [3255.2, 3287.4]
1 0 0.00036558229476213455 50114 [3200, 3400] [3255.2, 3287.4]
1 0 0.00045719670015387237 50114 [3210, 3410] [3255.2, 3287.4]
1 0 0.00010720215504989028 50114 [3220, 3420] [3255.2, 3287.4]
1 0 4.556163912639022e-05 50114 [3230, 3430] [3255.2, 3287.4]
1 0 0.0005446273717097938 50114 [3240, 3440] [3255.2, 3287.4]
1 0 9.200695785693824e-05 50114 [3250, 3450] [3255.2, 3287.4]
1 0 8.213585260818945e-07 50210 [2500, 2700] [2680.2, 2697.6]
1 0 0.0003634420863818377 50210 [2510, 2710] [2680.2, 2697.6]
1 0 2.470091203576885e-06 50210 [2520, 2720] [2680.2, 2697.6]
1 0 2.8365573712108016e-07 50210 [2530, 2730] [2680.2, 2697.6]
1 0 0.00018567859660834074 50210 [2540, 2740] [2680.2, 2697.6]
1 0 1.6690709117028746e-06 50210 [2550, 2750] [2680.2, 2697.6]
1 0 6.6477173277235124e-06 50210 [2560, 2760] [2680.2, 2697.6]
1 0 0.0001794056297512725 50210 [2570, 2770] [2680.2, 2697.6]
1 0 5.033853085478768e-06 50210 [2580, 2780] [2680.2, 2697.6]
1 0 9.766336006578058e-07 50210 [2590, 2790] [2680.2, 2697.6]
1 0 0.0003814782539848238 50210 [2600, 2800] [2680.2, 2697.6]
1 0 3.0501994842779823e-05 50210 [2610, 2810] [2680.2, 2697.6]
1 0 1.988738631553133e-06 50210 [2620, 2820] [2680.2, 2697.6]
1 0 0.0005215788260102272 50210 [2630, 2830] [2680.2, 2697.6]
1 0 7.409425597870722e-05 50210 [2640, 2840] [2680.2, 2697.6]
1 0 4.485601493797731e-06 50210 [2650, 2850] [2680.2, 2697.6]
1 0 0.0028635510243475437 50210 [2660, 2860] [2680.2, 2697.6]
1 0 0.00010833150736289099 50210 [2670, 2870] [2680.2, 2697.6]
1 0 1.2952070392202586e-05 50210 [2680, 2880] [2680.2, 2697.6]
1 0 0.016028201207518578 50108 [2540, 2740] [2716.7000000000003, 2732.7999999999997]
1 0 0.3879530429840088 50108 [2570, 2770] [2716.7000000000003, 2732.7999999999997]
1 0 0.39168503880500793 50108 [2600, 2800] [2716.7000000000003, 2732.7999999999997]
1 0 0.3904017210006714 50108 [2630, 2830] [2716.7000000000003, 2732.7999999999997]
1 0 0.4024156630039215 50108 [2660, 2860] [2716.7000000000003, 2732.7999999999997]
1 0 0.41535601019859314 50108 [2680, 2880] [2716.7000000000003, 2732.7999999999997]
1 0 0.002090137219056487 38205 [830, 1030] [989.5767330142222, 1028.6547832225629]
1 0 0.0857987329363823 38205 [850, 1050] [989.5767330142222, 1028.6547832225629]
1 0 0.4731176197528839 38205 [860, 1060] [989.5767330142222, 1028.6547832225629]
1 0 0.10219809412956238 38205 [880, 1080] [989.5767330142222, 1028.6547832225629]
1 0 0.20942464470863342 38205 [910, 1110] [989.5767330142222, 1028.6547832225629]
1 0 0.0002826060517691076 38205 [1270, 1470] [1427.061667068425, 1463.6585712317917]
1 0 0.0027825492434203625 38205 [1280, 1480] [1427.061667068425, 1463.6585712317917]
1 0 0.0014719328610226512 38205 [1290, 1490] [1427.061667068425, 1463.6585712317917]
1 0 0.0005234280833974481 38205 [1300, 1500] [1427.061667068425, 1463.6585712317917]
1 0 0.00906947162002325 38205 [1310, 1510] [1427.061667068425, 1463.6585712317917]
1 0 0.012046474032104015 38205 [1320, 1520] [1427.061667068425, 1463.6585712317917]
1 0 0.0005885973223485053 38205 [1330, 1530] [1427.061667068425, 1463.6585712317917]
1 0 0.0018760954262688756 38205 [1340, 1540] [1427.061667068425, 1463.6585712317917]
1 0 0.006390100810676813 38205 [1350, 1550] [1427.061667068425, 1463.6585712317917]
1 0 0.0005888750310987234 38205 [1360, 1560] [1427.061667068425, 1463.6585712317917]
1 0 0.0017806717660278082 38205 [1370, 1570] [1427.061667068425, 1463.6585712317917]
1 0 0.008064939640462399 38205 [1380, 1580] [1427.061667068425, 1463.6585712317917]
1 0 0.002900987397879362 38205 [1390, 1590] [1427.061667068425, 1463.6585712317917]
1 0 0.005579777527600527 38205 [1400, 1600] [1427.061667068425, 1463.6585712317917]
1 0 0.014965349808335304 38205 [1410, 1610] [1427.061667068425, 1463.6585712317917]
1 0 0.003952755592763424 38205 [1420, 1620] [1427.061667068425, 1463.6585712317917]
1 0 9.520213097857777e-07 38205 [3130, 3330] [3297.7743293501844, 3325.0669358448986]
1 0 1.8219750472781016e-06 38205 [3140, 3340] [3297.7743293501844, 3325.0669358448986]
1 0 6.116849817772163e-07 38205 [3150, 3350] [3297.7743293501844, 3325.0669358448986]
1 0 7.188326094365038e-07 38205 [3160, 3360] [3297.7743293501844, 3325.0669358448986]
1 0 4.023458131996449e-06 38205 [3170, 3370] [3297.7743293501844, 3325.0669358448986]
1 0 6.524088576043141e-07 38205 [3180, 3380] [3297.7743293501844, 3325.0669358448986]
1 0 2.7655207759380573e-06 38205 [3190, 3390] [3297.7743293501844, 3325.0669358448986]
1 0 5.89669343753485e-06 38205 [3200, 3400] [3297.7743293501844, 3325.0669358448986]
1 0 2.78559809885337e-06 38205 [3210, 3410] [3297.7743293501844, 3325.0669358448986]
1 0 7.951471161504742e-06 38205 [3220, 3420] [3297.7743293501844, 3325.0669358448986]
1 0 2.1121304598636925e-05 38205 [3230, 3430] [3297.7743293501844, 3325.0669358448986]
1 0 1.4296924746304285e-06 38205 [3240, 3440] [3297.7743293501844, 3325.0669358448986]
1 0 1.039962808135897e-05 38205 [3250, 3450] [3297.7743293501844, 3325.0669358448986]
1 0 1.0395958270237315e-05 38205 [3260, 3460] [3297.7743293501844, 3325.0669358448986]
1 0 4.062361767864786e-06 38205 [3270, 3470] [3297.7743293501844, 3325.0669358448986]
1 0 4.965352218277985e-06 38205 [3280, 3480] [3297.7743293501844, 3325.0669358448986]
1 0 9.696041161078028e-06 38205 [3290, 3490] [3297.7743293501844, 3325.0669358448986]
1 0 1.0288473276887089e-05 01119 [2790, 2990] [2791.4, 2808.9]
1 0 2.6592661015456542e-06 01119 [2800, 3000] [2970.8, 2983.2000000000003]
1 0 6.286646112130256e-06 01119 [2810, 3010] [2970.8, 2983.2000000000003]
1 0 3.3334265481244074e-06 01119 [2820, 3020] [2970.8, 2983.2000000000003]
1 0 1.954481149368803e-06 01119 [2830, 3030] [2970.8, 2983.2000000000003]
1 0 1.8505891148379305e-06 01119 [2840, 3040] [2970.8, 2983.2000000000003]
1 0 1.4523536719934782e-06 01119 [2850, 3050] [2970.8, 2983.2000000000003]
1 0 1.081469918062794e-06 01119 [2860, 3060] [2970.8, 2983.2000000000003]
1 0 4.5909533241683675e-07 01119 [2870, 3070] [2970.8, 2983.2000000000003]
1 0 7.592015549562348e-07 01119 [2880, 3080] [2970.8, 2983.2000000000003]
1 0 5.792631782242097e-06 01119 [2890, 3090] [2970.8, 2983.2000000000003]
1 0 1.630071096769825e-06 01119 [2900, 3100] [2970.8, 2983.2000000000003]
1 0 1.3685077249192545e-07 01119 [2910, 3110] [2970.8, 2983.2000000000003]
1 0 3.6530437341752986e-07 01119 [2920, 3120] [2970.8, 2983.2000000000003]
1 0 1.0619085060170619e-06 01119 [2930, 3130] [2970.8, 2983.2000000000003]
1 0 1.9891863303200807e-06 01119 [2940, 3140] [2970.8, 2983.2000000000003]
1 0 1.763821728673065e-06 01119 [2950, 3150] [2970.8, 2983.2000000000003]
1 0 1.6593563714195625e-06 01119 [2960, 3160] [2970.8, 2983.2000000000003]
1 0 4.1413204598939046e-07 01119 [2970, 3170] [2970.8, 2983.2000000000003]
1 0 0.020683368667960167 49110 [1780, 1980] [1949.2, 1975.3]
1 0 0.4582293629646301 49110 [1810, 2010] [1949.2, 1975.3]
1 0 0.4785344898700714 49110 [1840, 2040] [1949.2, 1975.3]
1 0 0.4848620593547821 49110 [1880, 2080] [1949.2, 1975.3]
1 0 0.4334685504436493 49110 [1890, 2090] [1949.2, 1975.3]
1 0 0.02110254392027855 49110 [1900, 2100] [1949.2, 1975.3]
1 0 0.45516476035118103 49110 [1910, 2110] [1949.2, 1975.3]
1 0 0.34659072756767273 49110 [1920, 2120] [1949.2, 1975.3]
1 0 0.014495648443698883 49110 [1930, 2130] [1949.2, 1975.3]
1 0 0.4936053454875946 49110 [1940, 2140] [1949.2, 1975.3]
1 0 0.4401981234550476 03521 [680, 880] [821.406556699611, 871.029477599091]
1 0 0.0022827694192528725 03521 [700, 900] [821.406556699611, 871.029477599091]
1 0 0.4783181846141815 03521 [710, 910] [821.406556699611, 871.029477599091]
1 0 0.39257851243019104 03521 [720, 920] [821.406556699611, 871.029477599091]
1 0 0.04960302636027336 03521 [730, 930] [821.406556699611, 871.029477599091]
1 0 0.17198972404003143 03521 [740, 940] [821.406556699611, 871.029477599091]
1 0 0.4930865466594696 03521 [820, 1020] [821.406556699611, 871.029477599091]
1 0 0.40843522548675537 01211 [2560, 2760] [2711.4, 2746.3]
1 0 0.4466763436794281 01211 [2590, 2790] [2711.4, 2746.3]
1 0 0.08909927308559418 01211 [2620, 2820] [2711.4, 2746.3]
1 0 0.07443974912166595 01211 [2630, 2830] [2711.4, 2746.3]
1 0 0.22865493595600128 01211 [2660, 2860] [2711.4, 2746.3]
1 0 0.39061227440834045 01211 [2690, 2890] [2711.4, 2746.3]
1 0 0.01308261789381504 47402 [990, 1190] [1150.3999999999999, 1189.4]
1 0 0.0024454775266349316 47402 [1000, 1200] [1150.3999999999999, 1189.4]
1 0 0.004516078159213066 47402 [1010, 1210] [1150.3999999999999, 1189.4]
1 0 0.0008865314302965999 47402 [1020, 1220] [1150.3999999999999, 1189.4]
1 0 2.9804874429828487e-05 47402 [1030, 1230] [1150.3999999999999, 1189.4]
1 0 3.142521745758131e-05 47402 [1040, 1240] [1150.3999999999999, 1189.4]
1 0 8.417412755079567e-05 47402 [1050, 1250] [1150.3999999999999, 1189.4]
1 0 7.179822659963975e-06 47402 [1060, 1260] [1150.3999999999999, 1189.4]
1 0 3.655082400655374e-05 47402 [1070, 1270] [1150.3999999999999, 1189.4]
1 0 6.922050670254976e-05 47402 [1080, 1280] [1150.3999999999999, 1189.4]
1 0 7.140640263969544e-06 47402 [1090, 1290] [1150.3999999999999, 1189.4]
1 0 1.4648710930487141e-05 47402 [1100, 1300] [1150.3999999999999, 1189.4]
1 0 1.0276843568135519e-05 47402 [1110, 1310] [1150.3999999999999, 1189.4]
1 0 1.3391837683229824e-06 47402 [1120, 1320] [1150.3999999999999, 1189.4]
1 0 3.6637025004893076e-06 47402 [1130, 1330] [1150.3999999999999, 1189.4]
1 0 2.0365901946206577e-05 47402 [1140, 1340] [1150.3999999999999, 1189.4]
1 0 1.871275117082405e-06 47402 [1150, 1350] [1150.3999999999999, 1189.4]
1 0 7.8687044151593e-06 47402 [2840, 3040] [3008.0, 3035.7]
1 0 2.741399384831311e-06 47402 [2850, 3050] [3008.0, 3035.7]
1 0 1.494118123446242e-06 47402 [2860, 3060] [3008.0, 3035.7]
1 0 3.8054859032854438e-06 47402 [2870, 3070] [3008.0, 3035.7]
1 0 1.7031730749295093e-05 47402 [2880, 3080] [3008.0, 3035.7]
1 0 0.00010976356861647218 47402 [2890, 3090] [3008.0, 3035.7]
1 0 0.00036271385033614933 47402 [2900, 3100] [3008.0, 3035.7]
1 0 5.912142660235986e-05 47402 [2910, 3110] [3008.0, 3035.7]
1 0 8.398242061957717e-05 47402 [2920, 3120] [3008.0, 3035.7]
1 0 4.3627151171676815e-05 47402 [2930, 3130] [3008.0, 3035.7]
1 0 2.8577287594089285e-05 47402 [2940, 3140] [3008.0, 3035.7]
1 0 3.545565778040327e-05 47402 [2950, 3150] [3008.0, 3035.7]
1 0 1.331776275037555e-05 47402 [2960, 3160] [3008.0, 3035.7]
1 0 1.6539275748073123e-05 47402 [2970, 3170] [3008.0, 3035.7]
1 0 2.0449235307751223e-05 47402 [2980, 3180] [3008.0, 3035.7]
1 0 2.1497976376849692e-06 47402 [2990, 3190] [3008.0, 3035.7]
1 0 1.999165078814258e-06 47402 [3000, 3200] [3008.0, 3035.7]
1 0 6.571513949893415e-05 50424 [1680, 1880] [1833.8999999999999, 1873.1999999999998]
1 0 0.00029114849166944623 50424 [1690, 1890] [1833.8999999999999, 1873.1999999999998]
1 0 7.352153716055909e-06 50424 [1700, 1900] [1833.8999999999999, 1873.1999999999998]
1 0 3.096279033343308e-05 50424 [1710, 1910] [1833.8999999999999, 1873.1999999999998]
1 0 1.4614914107369259e-05 50424 [1720, 1920] [1833.8999999999999, 1873.1999999999998]
1 0 2.0705756469396874e-05 50424 [1730, 1930] [1833.8999999999999, 1873.1999999999998]
1 0 2.793912608467508e-05 50424 [1740, 1940] [1833.8999999999999, 1873.1999999999998]
1 0 3.67257343896199e-05 50424 [1750, 1950] [1833.8999999999999, 1873.1999999999998]
1 0 9.655619214754552e-05 50424 [1760, 1960] [1833.8999999999999, 1873.1999999999998]
1 0 1.1759942935896106e-05 50424 [1770, 1970] [1833.8999999999999, 1873.1999999999998]
1 0 2.1088133507873863e-05 50424 [1780, 1980] [1833.8999999999999, 1873.1999999999998]
1 0 2.4228371330536902e-05 50424 [1790, 1990] [1833.8999999999999, 1873.1999999999998]
1 0 9.434353387405281e-08 50424 [1800, 2000] [1833.8999999999999, 1873.1999999999998]
1 0 1.6708690964151174e-07 50424 [1810, 2010] [1833.8999999999999, 1873.1999999999998]
1 0 1.9719441013421601e-07 50424 [1820, 2020] [1833.8999999999999, 1873.1999999999998]
1 0 8.236013115947571e-08 50424 [1830, 2030] [1833.8999999999999, 1873.1999999999998]
1 0 0.0007522820960730314 50424 [4510, 4710] [4667.6, 4690.700000000001]
1 0 0.012703017331659794 50424 [4520, 4720] [4667.6, 4690.700000000001]
1 0 0.49333053827285767 50424 [4530, 4730] [4667.6, 4690.700000000001]
1 0 0.0009507974609732628 50424 [4540, 4740] [4667.6, 4690.700000000001]
1 0 0.012870650738477707 50424 [4550, 4750] [4667.6, 4690.700000000001]
1 0 0.4546622633934021 50424 [4560, 4760] [4667.6, 4690.700000000001]
1 0 0.0012070885859429836 50424 [4570, 4770] [4667.6, 4690.700000000001]
1 0 0.0324687622487545 50424 [4580, 4780] [4667.6, 4690.700000000001]
1 0 0.4509476125240326 50424 [4590, 4790] [4667.6, 4690.700000000001]
1 0 0.0017024833941832185 50424 [4600, 4800] [4667.6, 4690.700000000001]
1 0 0.03871869668364525 50424 [4610, 4810] [4667.6, 4690.700000000001]
1 0 0.014284377917647362 50424 [4630, 4830] [4667.6, 4690.700000000001]
1 0 0.4163368344306946 50424 [4640, 4840] [4667.6, 4690.700000000001]
1 0 0.030224831774830818 50424 [4660, 4860] [4667.6, 4690.700000000001]
