true_label pred_label pred_prob file time_range filler
0 1 0.974137544631958 47313 [2020, 2220] None
0 1 0.9559323191642761 47313 [2030, 2230] None
0 1 0.9771901965141296 47313 [2040, 2240] None
0 1 0.9938492178916931 47313 [2050, 2250] None
0 1 0.9886610507965088 47313 [2060, 2260] None
0 1 0.9917417764663696 47313 [2070, 2270] None
0 1 0.9943346977233887 47313 [2080, 2280] None
0 1 0.9894009232521057 47313 [2090, 2290] None
0 1 0.9920387268066406 47313 [2100, 2300] None
0 1 0.994489312171936 47313 [2110, 2310] None
0 1 0.988239049911499 47313 [2120, 2320] None
0 1 0.9891355037689209 47313 [2130, 2330] None
0 1 0.9939770698547363 47313 [2140, 2340] None
0 1 0.9858625531196594 47313 [2150, 2350] None
0 1 0.9892011880874634 47313 [2160, 2360] None
0 1 0.9933905601501465 47313 [2170, 2370] None
0 1 0.9853010773658752 47313 [2180, 2380] None
0 1 0.9877021908760071 47313 [2190, 2390] None
0 1 0.5706782341003418 47313 [5280, 5480] None
0 1 0.6156168580055237 47313 [5340, 5540] None
0 1 0.6137984991073608 47313 [5350, 5550] None
0 1 0.7083588242530823 47313 [5370, 5570] None
0 1 0.8181270360946655 47313 [5380, 5580] None
0 1 0.5912162661552429 44603 [4820, 5020] None
0 1 0.7858216166496277 44603 [4840, 5040] None
0 1 0.7107385396957397 44603 [4850, 5050] None
0 1 0.5539525151252747 44603 [4880, 5080] None
0 1 0.5827796459197998 44603 [4910, 5110] None
0 1 0.7303705811500549 44603 [4930, 5130] None
0 1 0.5844252109527588 44603 [4940, 5140] None
0 1 0.9555944800376892 48409 [110, 310] None
0 1 0.8220873475074768 48409 [420, 620] None
0 1 0.7887410521507263 48409 [3890, 4090] None
0 1 0.5582965612411499 48409 [3900, 4100] None
0 1 0.6754843592643738 48409 [3920, 4120] None
0 1 0.5416688919067383 48409 [3930, 4130] None
0 1 0.7832983732223511 50127 [1480, 1680] None
0 1 0.7048630714416504 50127 [1500, 1700] None
0 1 0.8603113889694214 50127 [1510, 1710] None
0 1 0.7638983726501465 50127 [1530, 1730] None
0 1 0.8543698191642761 50127 [1540, 1740] None
0 1 0.9059275388717651 50127 [1560, 1760] None
0 1 0.9453362822532654 50127 [1570, 1770] None
0 1 0.5477590560913086 50127 [1580, 1780] None
0 1 0.9281044602394104 50127 [1590, 1790] None
0 1 0.9604902863502502 50127 [1600, 1800] None
0 1 0.5133600831031799 50127 [2210, 2410] None
0 1 0.6246243715286255 50127 [2240, 2440] None
0 1 0.7428991794586182 50127 [2250, 2450] None
0 1 0.8131130933761597 50127 [2260, 2460] None
0 1 0.7340157628059387 50127 [2270, 2470] None
0 1 0.7171029448509216 50127 [2280, 2480] None
0 1 0.8400305509567261 50127 [2290, 2490] None
0 1 0.789442777633667 50127 [2300, 2500] None
0 1 0.8831132650375366 50127 [2310, 2510] None
0 1 0.8402042984962463 50127 [2320, 2520] None
0 1 0.53682541847229 50127 [2330, 2530] None
0 1 0.5774958729743958 50127 [2360, 2560] None
0 1 0.5604134798049927 49424 [4550, 4750] None
0 1 0.9402462244033813 47404 [2980, 3180] None
0 1 0.9899119734764099 47404 [2990, 3190] None
0 1 0.9899396300315857 47404 [3000, 3200] None
0 1 0.9864794611930847 47404 [3010, 3210] None
0 1 0.9921031594276428 47404 [3020, 3220] None
0 1 0.9881058931350708 47404 [3030, 3230] None
0 1 0.9823371171951294 47404 [3040, 3240] None
0 1 0.9915468096733093 47404 [3050, 3250] None
0 1 0.9845826625823975 47404 [3060, 3260] None
0 1 0.9812768697738647 47404 [3070, 3270] None
0 1 0.9897252321243286 47404 [3080, 3280] None
0 1 0.9846212863922119 47404 [3090, 3290] None
0 1 0.9814299941062927 47404 [3100, 3300] None
0 1 0.9914271831512451 47404 [3110, 3310] None
0 1 0.9830174446105957 47404 [3120, 3320] None
0 1 0.980010986328125 47404 [3130, 3330] None
0 1 0.9878664016723633 47404 [3140, 3340] None
0 1 0.9734968543052673 47404 [3150, 3350] None
0 1 0.5825413465499878 47404 [3160, 3360] None
0 1 0.9490832686424255 50115 [0, 200] None
0 1 0.972942590713501 50115 [10, 210] None
0 1 0.943204402923584 50115 [20, 220] None
0 1 0.7514795064926147 50115 [30, 230] None
0 1 0.9562550783157349 50115 [40, 240] None
0 1 0.9619733691215515 50115 [50, 250] None
0 1 0.6028541326522827 50115 [60, 260] None
0 1 0.8755456209182739 50115 [730, 930] None
0 1 0.9968041181564331 50115 [740, 940] None
0 1 0.9943174719810486 50115 [750, 950] None
0 1 0.987969160079956 50115 [760, 960] None
0 1 0.9967867136001587 50115 [770, 970] None
0 1 0.9943501353263855 50115 [780, 980] None
0 1 0.9881612062454224 50115 [790, 990] None
0 1 0.9970086216926575 50115 [800, 1000] None
0 1 0.9941887855529785 50115 [810, 1010] None
0 1 0.9899229407310486 50115 [820, 1020] None
0 1 0.9925729036331177 50115 [830, 1030] None
0 1 0.9900190830230713 50115 [840, 1040] None
0 1 0.9569738507270813 50115 [850, 1050] None
0 1 0.9874990582466125 50115 [860, 1060] None
0 1 0.9826143383979797 50115 [870, 1070] None
0 1 0.9545050859451294 50115 [880, 1080] None
0 1 0.9929602742195129 50115 [890, 1090] None
0 1 0.9754430055618286 50115 [900, 1100] None
0 1 0.9896978735923767 50115 [3280, 3480] None
0 1 0.9830350875854492 50115 [3290, 3490] None
0 1 0.9967087507247925 50115 [3300, 3500] None
0 1 0.9970511198043823 50115 [3310, 3510] None
0 1 0.9953932762145996 50115 [3320, 3520] None
0 1 0.9967464208602905 50115 [3330, 3530] None
0 1 0.9966912269592285 50115 [3340, 3540] None
0 1 0.9950653910636902 50115 [3350, 3550] None
0 1 0.9966230392456055 50115 [3360, 3560] None
0 1 0.9966968297958374 50115 [3370, 3570] None
0 1 0.9955981373786926 50115 [3380, 3580] None
0 1 0.9968861937522888 50115 [3390, 3590] None
0 1 0.9971165657043457 50115 [3400, 3600] None
0 1 0.9954614043235779 50115 [3410, 3610] None
0 1 0.9968388080596924 50115 [3420, 3620] None
0 1 0.9972102046012878 50115 [3430, 3630] None
0 1 0.9970498085021973 50115 [3440, 3640] None
0 1 0.9977644681930542 50115 [3450, 3650] None
0 1 0.996636152267456 50115 [3460, 3660] None
0 1 0.8120682835578918 50115 [3470, 3670] None
0 1 0.8335237503051758 50115 [3480, 3680] None
0 1 0.9436947107315063 50115 [3490, 3690] None
0 1 0.8403926491737366 50115 [3510, 3710] None
0 1 0.9760208129882812 50115 [3520, 3720] None
0 1 0.9009730815887451 50115 [3530, 3730] None
0 1 0.92259281873703 50115 [3540, 3740] None
0 1 0.9809392690658569 50115 [3550, 3750] None
0 1 0.7518242001533508 50115 [3560, 3760] None
0 1 0.8120049834251404 03420 [420, 620] None
0 1 0.8449740409851074 03420 [430, 630] None
0 1 0.9223895072937012 03420 [1990, 2190] None
0 1 0.5485955476760864 03420 [2010, 2210] None
0 1 0.9827972650527954 03420 [2020, 2220] None
0 1 0.9044346809387207 03420 [2030, 2230] None
0 1 0.9311961531639099 03420 [2040, 2240] None
0 1 0.987586259841919 03420 [2050, 2250] None
0 1 0.93675696849823 03420 [2060, 2260] None
0 1 0.9372076392173767 03420 [2070, 2270] None
0 1 0.9874585866928101 03420 [2080, 2280] None
0 1 0.9385834336280823 03420 [2090, 2290] None
0 1 0.9646496772766113 03420 [2100, 2300] None
0 1 0.9880223274230957 03420 [2110, 2310] None
0 1 0.9458855986595154 03420 [2120, 2320] None
0 1 0.9620883464813232 03420 [2130, 2330] None
0 1 0.9888899326324463 03420 [2140, 2340] None
0 1 0.9408044815063477 03420 [2150, 2350] None
0 1 0.9502315521240234 01130 [2940, 3140] None
0 1 0.9891618490219116 01130 [2950, 3150] None
0 1 0.9907840490341187 01130 [2960, 3160] None
0 1 0.9831268787384033 01130 [2970, 3170] None
0 1 0.9931365251541138 01130 [2980, 3180] None
0 1 0.992428719997406 01130 [2990, 3190] None
0 1 0.9895398020744324 01130 [3000, 3200] None
0 1 0.992542028427124 01130 [3010, 3210] None
0 1 0.9920215010643005 01130 [3020, 3220] None
0 1 0.9882919192314148 01130 [3030, 3230] None
0 1 0.9938067197799683 01130 [3040, 3240] None
0 1 0.9946548938751221 01130 [3050, 3250] None
0 1 0.9927593469619751 01130 [3060, 3260] None
0 1 0.9944126009941101 01130 [3070, 3270] None
0 1 0.9946998357772827 01130 [3080, 3280] None
0 1 0.9929936528205872 01130 [3090, 3290] None
0 1 0.9935261011123657 01130 [3100, 3300] None
0 1 0.9234576225280762 01130 [3110, 3310] None
0 1 0.9415642619132996 27502 [3960, 4160] None
0 1 0.8204254508018494 27502 [3970, 4170] None
0 1 0.889543890953064 05205 [150, 350] None
0 1 0.8431748747825623 05205 [160, 360] None
0 1 0.7843114733695984 05205 [170, 370] None
0 1 0.9206079244613647 05205 [180, 380] None
0 1 0.80544513463974 05205 [190, 390] None
0 1 0.7747669816017151 05205 [200, 400] None
0 1 0.9549368023872375 05205 [210, 410] None
0 1 0.9024509191513062 05205 [220, 420] None
0 1 0.8278396129608154 05205 [230, 430] None
0 1 0.973108172416687 05205 [240, 440] None
0 1 0.9287756681442261 05205 [250, 450] None
0 1 0.9603410363197327 05205 [260, 460] None
0 1 0.9869973659515381 05205 [270, 470] None
0 1 0.9711477160453796 05205 [280, 480] None
0 1 0.8384905457496643 05205 [290, 490] None
0 1 0.6278963088989258 05205 [1410, 1610] None
0 1 0.8305990099906921 05205 [1420, 1620] None
0 1 0.9162188172340393 05205 [1430, 1630] None
0 1 0.9014957547187805 05205 [1440, 1640] None
0 1 0.8777053356170654 05205 [1450, 1650] None
0 1 0.9249047636985779 05205 [1460, 1660] None
0 1 0.8155423402786255 05205 [1470, 1670] None
0 1 0.6308180093765259 05205 [1480, 1680] None
0 1 0.5534037947654724 05205 [1590, 1790] None
0 1 0.6773865818977356 05205 [1600, 1800] None
0 1 0.8301593065261841 05205 [1610, 1810] None
0 1 0.797539472579956 05205 [1620, 1820] None
0 1 0.8325456976890564 05205 [1630, 1830] None
0 1 0.8959493637084961 05205 [1640, 1840] None
0 1 0.8288090229034424 05205 [1650, 1850] None
0 1 0.876063883304596 05205 [1660, 1860] None
0 1 0.9057514667510986 05205 [1670, 1870] None
0 1 0.9095202684402466 05205 [1680, 1880] None
0 1 0.8975344896316528 05205 [1690, 1890] None
0 1 0.9125519394874573 05205 [1700, 1900] None
0 1 0.82242351770401 05205 [1710, 1910] None
0 1 0.7732032537460327 05205 [1720, 1920] None
0 1 0.8845299482345581 05205 [1730, 1930] None
0 1 0.5573021769523621 17313 [1570, 1770] None
0 1 0.7222663760185242 17313 [1600, 1800] None
0 1 0.5435376167297363 17313 [3450, 3650] None
0 1 0.5409063100814819 17313 [3500, 3700] None
0 1 0.8727840781211853 17313 [4590, 4790] None
0 1 0.9484453201293945 17313 [4600, 4800] None
0 1 0.9253498315811157 17313 [4620, 4820] None
0 1 0.965360701084137 17313 [4630, 4830] None
0 1 0.6548893451690674 17313 [4650, 4850] None
0 1 0.6241483092308044 17313 [4660, 4860] None
0 1 0.628640353679657 17313 [4680, 4880] None
0 1 0.6184359192848206 17313 [4690, 4890] None
0 1 0.8728882670402527 27302 [1930, 2130] None
0 1 0.5257269144058228 27302 [1940, 2140] None
0 1 0.9261096715927124 27302 [1960, 2160] None
0 1 0.5885640382766724 27302 [1970, 2170] None
0 1 0.8745180368423462 27302 [1990, 2190] None
0 1 0.8507500290870667 27302 [2020, 2220] None
0 1 0.9583486914634705 49103 [2640, 2840] None
0 1 0.8087823390960693 49103 [2650, 2850] None
0 1 0.9784685969352722 49103 [2660, 2860] None
0 1 0.9954521059989929 49103 [2670, 2870] None
0 1 0.9906587600708008 49103 [2680, 2880] None
0 1 0.9919592142105103 49103 [2690, 2890] None
0 1 0.9961076378822327 49103 [2700, 2900] None
0 1 0.9937001466751099 49103 [2710, 2910] None
0 1 0.994156002998352 49103 [2720, 2920] None
0 1 0.9965264201164246 49103 [2730, 2930] None
0 1 0.9957664012908936 49103 [2740, 2940] None
0 1 0.9958564639091492 49103 [2750, 2950] None
0 1 0.9970351457595825 49103 [2760, 2960] None
0 1 0.9963725805282593 49103 [2770, 2970] None
0 1 0.9949230551719666 49103 [2780, 2980] None
0 1 0.9940682649612427 49103 [2790, 2990] None
0 1 0.9885460734367371 49103 [2800, 3000] None
0 1 0.9887953996658325 49103 [2810, 3010] None
0 1 0.9906410574913025 49103 [2820, 3020] None
0 1 0.5741474032402039 12116 [1000, 1200] None
0 1 0.7302897572517395 12116 [1010, 1210] None
0 1 0.9657531380653381 12116 [1100, 1300] None
0 1 0.993680477142334 49126 [40, 240] None
0 1 0.9956556558609009 49126 [50, 250] None
0 1 0.9931240677833557 49126 [60, 260] None
0 1 0.9937693476676941 49126 [70, 270] None
0 1 0.9932832717895508 49126 [80, 280] None
0 1 0.9882434010505676 49126 [90, 290] None
0 1 0.993008017539978 49126 [100, 300] None
0 1 0.9946212768554688 49126 [110, 310] None
0 1 0.9917341470718384 49126 [120, 320] None
0 1 0.993883490562439 49126 [130, 330] None
0 1 0.9924570322036743 49126 [140, 340] None
0 1 0.9623767733573914 49126 [150, 350] None
0 1 0.7522127628326416 49126 [1060, 1260] None
0 1 0.7562297582626343 49126 [1090, 1290] None
0 1 0.7861281037330627 49126 [1120, 1320] None
0 1 0.7514785528182983 49126 [1470, 1670] None
0 1 0.6115992069244385 49126 [2170, 2370] None
0 1 0.9403049349784851 49126 [2200, 2400] None
0 1 0.9767687320709229 49126 [2230, 2430] None
0 1 0.805962860584259 49126 [2250, 2450] None
0 1 0.9826213717460632 49126 [2260, 2460] None
0 1 0.7689656615257263 49126 [2270, 2470] None
0 1 0.9452840089797974 49126 [2280, 2480] None
0 1 0.981429398059845 49126 [2290, 2490] None
0 1 0.9826646447181702 49126 [2300, 2500] None
0 1 0.9820215702056885 49126 [2310, 2510] None
0 1 0.977373480796814 49126 [2320, 2520] None
0 1 0.9681223630905151 49126 [2330, 2530] None
0 1 0.9648370742797852 49126 [2340, 2540] None
0 1 0.9689695835113525 49126 [2350, 2550] None
0 1 0.9756268262863159 49126 [2360, 2560] None
0 1 0.9664520025253296 49126 [2370, 2570] None
0 1 0.96888667345047 49126 [2380, 2580] None
0 1 0.978679358959198 49126 [2390, 2590] None
0 1 0.9725393652915955 49126 [2400, 2600] None
0 1 0.9712609648704529 49126 [2410, 2610] None
0 1 0.9718177914619446 49126 [2420, 2620] None
0 1 0.9803655743598938 49126 [2430, 2630] None
0 1 0.9738333225250244 49126 [2440, 2640] None
0 1 0.9587108492851257 49126 [2450, 2650] None
0 1 0.9437372088432312 49126 [2460, 2660] None
0 1 0.5423451662063599 49126 [3520, 3720] None
0 1 0.7025697827339172 49126 [3550, 3750] None
0 1 0.5318107008934021 49126 [3610, 3810] None
0 1 0.5785596966743469 49126 [3640, 3840] None
0 1 0.8476085662841797 49126 [3670, 3870] None
0 1 0.660329282283783 50104 [1730, 1930] None
0 1 0.9894514679908752 50104 [2180, 2380] None
0 1 0.9866559505462646 50104 [2190, 2390] None
0 1 0.9868764877319336 50104 [2200, 2400] None
0 1 0.9900230765342712 50104 [2210, 2410] None
0 1 0.9879572987556458 50104 [2220, 2420] None
0 1 0.9364374876022339 50104 [2230, 2430] None
0 1 0.9796943068504333 50421 [1570, 1770] None
0 1 0.8360966444015503 50421 [1580, 1780] None
0 1 0.9766628742218018 50421 [1600, 1800] None
0 1 0.832506537437439 50421 [1610, 1810] None
0 1 0.7641712427139282 50421 [1620, 1820] None
0 1 0.9968095421791077 50421 [1630, 1830] None
0 1 0.6010502576828003 50421 [5020, 5220] None
0 1 0.620294451713562 50421 [5050, 5250] None
0 1 0.7564864158630371 50421 [5080, 5280] None
0 1 0.5168605446815491 50421 [5110, 5310] None
0 1 0.6014936566352844 50421 [5140, 5340] None
0 1 0.7119967341423035 50421 [5160, 5360] None
0 1 0.9593138694763184 50421 [5170, 5370] None
0 1 0.835349977016449 27327 [1230, 1430] None
0 1 0.840377151966095 27327 [1260, 1460] None
0 1 0.5305819511413574 27327 [1280, 1480] None
0 1 0.8741269111633301 27327 [1290, 1490] None
0 1 0.7990013360977173 27327 [1310, 1510] None
0 1 0.9544185400009155 27327 [1320, 1520] None
0 1 0.569248378276825 27327 [1340, 1540] None
0 1 0.9192214608192444 27327 [1350, 1550] None
0 1 0.7911059856414795 27327 [1370, 1570] None
0 1 0.8932026028633118 27327 [1380, 1580] None
0 1 0.5484235882759094 27327 [2000, 2200] None
0 1 0.7794462442398071 27327 [2030, 2230] None
0 1 0.88444983959198 27327 [2060, 2260] None
0 1 0.611346423625946 27327 [2070, 2270] None
0 1 0.9098737239837646 27327 [2090, 2290] None
0 1 0.9196361899375916 27327 [2520, 2720] None
0 1 0.9766854643821716 46424 [910, 1110] None
0 1 0.9891287684440613 46424 [920, 1120] None
0 1 0.9920220375061035 46424 [930, 1130] None
0 1 0.9910815954208374 46424 [940, 1140] None
0 1 0.9892220497131348 46424 [950, 1150] None
0 1 0.9920144081115723 46424 [960, 1160] None
0 1 0.9919169545173645 46424 [970, 1170] None
0 1 0.9912956953048706 46424 [980, 1180] None
0 1 0.9880383014678955 46424 [990, 1190] None
0 1 0.9853797554969788 46424 [1000, 1200] None
0 1 0.9880234003067017 46424 [1010, 1210] None
0 1 0.9874293208122253 46424 [1020, 1220] None
0 1 0.9863767027854919 46424 [1030, 1230] None
0 1 0.9909026026725769 46424 [1040, 1240] None
0 1 0.9885753989219666 46424 [1050, 1250] None
0 1 0.9860199093818665 46424 [1060, 1260] None
0 1 0.9902212619781494 46424 [1070, 1270] None
0 1 0.9690220952033997 46424 [3230, 3430] None
0 1 0.9884063005447388 46424 [3240, 3440] None
0 1 0.9908596873283386 46424 [3250, 3450] None
0 1 0.9908879995346069 46424 [3260, 3460] None
0 1 0.9926192164421082 46424 [3270, 3470] None
0 1 0.9915584325790405 46424 [3280, 3480] None
0 1 0.990016520023346 46424 [3290, 3490] None
0 1 0.9921402335166931 46424 [3300, 3500] None
0 1 0.9912281036376953 46424 [3310, 3510] None
0 1 0.9899194240570068 46424 [3320, 3520] None
0 1 0.991682767868042 46424 [3330, 3530] None
0 1 0.9905799031257629 46424 [3340, 3540] None
0 1 0.9896990656852722 46424 [3350, 3550] None
0 1 0.990538477897644 46424 [3360, 3560] None
0 1 0.9906426072120667 46424 [3370, 3570] None
0 1 0.9888546466827393 46424 [3380, 3580] None
0 1 0.9867203235626221 46424 [3390, 3590] None
0 1 0.9915570020675659 46424 [3400, 3600] None
0 1 0.9849759936332703 46424 [3410, 3610] None
0 1 0.6208481788635254 46424 [3870, 4070] None
0 1 0.6778842806816101 46424 [3880, 4080] None
0 1 0.8276031613349915 46424 [5310, 5510] None
0 1 0.9613196849822998 33608 [470, 670] None
0 1 0.9860931634902954 33608 [480, 680] None
0 1 0.977362871170044 33608 [490, 690] None
0 1 0.9880762100219727 33608 [500, 700] None
0 1 0.984517514705658 33608 [510, 710] None
0 1 0.9773470759391785 33608 [520, 720] None
0 1 0.9870469570159912 33608 [530, 730] None
0 1 0.9713239073753357 33608 [540, 740] None
0 1 0.9752251505851746 33608 [550, 750] None
0 1 0.9874802231788635 33608 [560, 760] None
0 1 0.9716107249259949 33608 [570, 770] None
0 1 0.9748309254646301 33608 [580, 780] None
0 1 0.9782692790031433 33608 [590, 790] None
0 1 0.9662717580795288 33608 [600, 800] None
0 1 0.9669568538665771 33608 [610, 810] None
0 1 0.9772442579269409 33608 [620, 820] None
0 1 0.9643992781639099 33608 [630, 830] None
0 1 0.9801893830299377 33608 [640, 840] None
0 1 0.6682402491569519 33608 [1600, 1800] None
0 1 0.602516770362854 33608 [1750, 1950] None
0 1 0.9852280616760254 33608 [4860, 5060] None
0 1 0.9946086406707764 33608 [4870, 5070] None
0 1 0.9918796420097351 33608 [4880, 5080] None
0 1 0.9925552010536194 33608 [4890, 5090] None
0 1 0.9920108914375305 33608 [4900, 5100] None
0 1 0.9881501197814941 33608 [4910, 5110] None
0 1 0.9928416013717651 33608 [4920, 5120] None
0 1 0.9933304190635681 33608 [4930, 5130] None
0 1 0.9928984642028809 33608 [4940, 5140] None
0 1 0.9944218993186951 33608 [4950, 5150] None
0 1 0.9945574998855591 33608 [4960, 5160] None
0 1 0.9932523369789124 33608 [4970, 5170] None
0 1 0.9945861101150513 33608 [4980, 5180] None
0 1 0.9947035908699036 33608 [4990, 5190] None
0 1 0.9937813878059387 33608 [5000, 5200] None
0 1 0.9952216744422913 33608 [5010, 5210] None
0 1 0.9963382482528687 33608 [5020, 5220] None
0 1 0.9945287108421326 33608 [5030, 5230] None
0 1 0.9932623505592346 33608 [5040, 5240] None
0 1 0.7327336668968201 48629 [1910, 2110] None
0 1 0.9564543962478638 48629 [1940, 2140] None
0 1 0.9460256099700928 48629 [1960, 2160] None
0 1 0.9574463963508606 48629 [1970, 2170] None
0 1 0.9774408936500549 48629 [1990, 2190] None
0 1 0.9194093346595764 48629 [2000, 2200] None
0 1 0.9729171991348267 48629 [2020, 2220] None
0 1 0.9549152851104736 48629 [2030, 2230] None
0 1 0.9709440469741821 48629 [2050, 2250] None
0 1 0.932135820388794 48629 [2060, 2260] None
0 1 0.9476660490036011 48629 [2780, 2980] None
0 1 0.8232788443565369 48629 [4250, 4450] None
0 1 0.8364288210868835 48629 [4260, 4460] None
0 1 0.9182740449905396 48629 [4270, 4470] None
0 1 0.8943499326705933 48629 [4280, 4480] None
0 1 0.8211185336112976 48629 [4290, 4490] None
0 1 0.9427145719528198 48629 [4300, 4500] None
0 1 0.8367149829864502 48629 [4310, 4510] None
0 1 0.777675449848175 48629 [4330, 4530] None
0 1 0.763119637966156 48629 [4340, 4540] None
0 1 0.7624124884605408 48629 [4350, 4550] None
0 1 0.9763001203536987 48629 [4360, 4560] None
0 1 0.9785166382789612 48629 [4370, 4570] None
0 1 0.973429799079895 48629 [4380, 4580] None
0 1 0.9869344234466553 48629 [4390, 4590] None
0 1 0.9875050783157349 48629 [4400, 4600] None
0 1 0.9634768962860107 48629 [4410, 4610] None
0 1 0.9885940551757812 48629 [4420, 4620] None
0 1 0.9868487119674683 48629 [4430, 4630] None
0 1 0.9399244785308838 48629 [4440, 4640] None
0 1 0.9832599759101868 48629 [4450, 4650] None
0 1 0.9833049774169922 48629 [4460, 4660] None
0 1 0.9441343545913696 48629 [4470, 4670] None
0 1 0.983318567276001 48629 [4480, 4680] None
0 1 0.9841066598892212 48629 [4490, 4690] None
0 1 0.9433795213699341 48629 [4500, 4700] None
0 1 0.9827725291252136 48629 [4510, 4710] None
0 1 0.9843319654464722 48629 [4520, 4720] None
0 1 0.9411643147468567 48629 [4530, 4730] None
0 1 0.9544239640235901 48629 [4540, 4740] None
0 1 0.9752316474914551 50612 [1900, 2100] None
0 1 0.965195894241333 50612 [1910, 2110] None
0 1 0.891240119934082 50612 [1920, 2120] None
0 1 0.9884434342384338 50612 [1930, 2130] None
0 1 0.9854176044464111 50612 [1940, 2140] None
0 1 0.9495256543159485 50612 [1950, 2150] None
0 1 0.9872827529907227 50612 [1960, 2160] None
0 1 0.9814629554748535 50612 [1970, 2170] None
0 1 0.9750644564628601 50612 [1980, 2180] None
0 1 0.9872825145721436 50612 [1990, 2190] None
0 1 0.9816818833351135 50612 [2000, 2200] None
0 1 0.9680037498474121 50612 [2010, 2210] None
0 1 0.9846641421318054 50612 [2020, 2220] None
0 1 0.9817091822624207 50612 [2030, 2230] None
0 1 0.9800175428390503 50612 [2040, 2240] None
0 1 0.9890753030776978 50612 [2050, 2250] None
0 1 0.9844549894332886 50612 [2060, 2260] None
0 1 0.9821316003799438 50612 [2070, 2270] None
0 1 0.9826927185058594 50612 [2080, 2280] None
0 1 0.6321309804916382 50612 [3240, 3440] None
0 1 0.5221230983734131 50612 [3250, 3450] None
0 1 0.8163798451423645 50612 [3270, 3470] None
0 1 0.7794445753097534 50612 [3300, 3500] None
0 1 0.8264570236206055 50612 [3330, 3530] None
0 1 0.8294863700866699 50612 [3360, 3560] None
0 1 0.5971133708953857 50612 [3390, 3590] None
0 1 0.5471628904342651 50612 [4780, 4980] None
0 1 0.5939643979072571 50612 [4790, 4990] None
0 1 0.6968554854393005 50612 [4810, 5010] None
0 1 0.5829423666000366 50612 [4820, 5020] None
0 1 0.5767441391944885 50612 [4870, 5070] None
0 1 0.5828498601913452 50612 [4930, 5130] None
0 1 0.9934771656990051 49123 [0, 200] None
0 1 0.9940674304962158 49123 [10, 210] None
0 1 0.9959004521369934 49123 [20, 220] None
0 1 0.9923190474510193 49123 [30, 230] None
0 1 0.9937564134597778 49123 [40, 240] None
0 1 0.9952087998390198 49123 [50, 250] None
0 1 0.9910643100738525 49123 [60, 260] None
0 1 0.9941259622573853 49123 [70, 270] None
0 1 0.582330048084259 49123 [500, 700] None
0 1 0.5453547239303589 49123 [510, 710] None
0 1 0.9660061597824097 49123 [1210, 1410] None
0 1 0.9496400952339172 49123 [1220, 1420] None
0 1 0.9845936298370361 49123 [1230, 1430] None
0 1 0.9930889010429382 49123 [1240, 1440] None
0 1 0.9826160669326782 49123 [1250, 1450] None
0 1 0.9880332946777344 49123 [1260, 1460] None
0 1 0.993582546710968 49123 [1270, 1470] None
0 1 0.9849874377250671 49123 [1280, 1480] None
0 1 0.9899110198020935 49123 [1290, 1490] None
0 1 0.9943722486495972 49123 [1300, 1500] None
0 1 0.9853612780570984 49123 [1310, 1510] None
0 1 0.989737331867218 49123 [1320, 1520] None
0 1 0.9943535327911377 49123 [1330, 1530] None
0 1 0.9862408638000488 49123 [1340, 1540] None
0 1 0.9895527362823486 49123 [1350, 1550] None
0 1 0.994519054889679 49123 [1360, 1560] None
0 1 0.9859648942947388 49123 [1370, 1570] None
0 1 0.9916241765022278 49123 [1380, 1580] None
0 1 0.9681674242019653 49123 [1390, 1590] None
0 1 0.5259875059127808 49123 [1510, 1710] None
0 1 0.5059330463409424 49123 [1520, 1720] None
0 1 0.9018663763999939 49123 [1610, 1810] None
0 1 0.9696556329727173 49123 [1620, 1820] None
0 1 0.9822584390640259 49123 [1630, 1830] None
0 1 0.9911736845970154 49123 [1640, 1840] None
0 1 0.9882692098617554 49123 [1650, 1850] None
0 1 0.9923892617225647 49123 [1660, 1860] None
0 1 0.9928629994392395 49123 [1670, 1870] None
0 1 0.9894116520881653 49123 [1680, 1880] None
0 1 0.9885076284408569 49123 [1690, 1890] None
0 1 0.9907880425453186 49123 [1700, 1900] None
0 1 0.9857941269874573 49123 [1710, 1910] None
0 1 0.9823853373527527 49123 [1720, 1920] None
0 1 0.9889216423034668 49123 [1730, 1930] None
0 1 0.9845804572105408 49123 [1740, 1940] None
0 1 0.9755236506462097 49123 [1750, 1950] None
0 1 0.9882707595825195 49123 [1760, 1960] None
0 1 0.9840604066848755 49123 [1770, 1970] None
0 1 0.982890784740448 49123 [1780, 1980] None
0 1 0.9937811493873596 49123 [1790, 1990] None
0 1 0.7634456753730774 49123 [1870, 2070] None
0 1 0.6724029183387756 49123 [1880, 2080] None
0 1 0.8889284729957581 49123 [1890, 2090] None
0 1 0.9270965456962585 49123 [1900, 2100] None
0 1 0.8777833580970764 49123 [1910, 2110] None
0 1 0.9408455491065979 49123 [1920, 2120] None
0 1 0.9770922064781189 49123 [1930, 2130] None
0 1 0.9550082087516785 49123 [1940, 2140] None
0 1 0.9667906761169434 49123 [1950, 2150] None
0 1 0.974321722984314 49123 [1960, 2160] None
0 1 0.9646319150924683 49123 [1970, 2170] None
0 1 0.9753251671791077 49123 [1980, 2180] None
0 1 0.957194447517395 49123 [1990, 2190] None
0 1 0.9332506060600281 49123 [2000, 2200] None
0 1 0.961852490901947 49123 [2010, 2210] None
0 1 0.9674556851387024 49123 [2020, 2220] None
0 1 0.9561627507209778 49123 [2030, 2230] None
0 1 0.9700442552566528 49123 [2040, 2240] None
0 1 0.713262140750885 49123 [2540, 2740] None
0 1 0.8092464804649353 49123 [2570, 2770] None
0 1 0.6816359758377075 49123 [2780, 2980] None
0 1 0.6726396679878235 49123 [2810, 3010] None
0 1 0.6670312881469727 49123 [2840, 3040] None
0 1 0.9702667593955994 49123 [3680, 3880] None
0 1 0.6156813502311707 49123 [3690, 3890] None
0 1 0.8604045510292053 49109 [20, 220] None
0 1 0.7706375122070312 49109 [2030, 2230] None
0 1 0.8011246919631958 49109 [2060, 2260] None
0 1 0.7982460260391235 49109 [2090, 2290] None
0 1 0.5794773101806641 03630 [710, 910] None
0 1 0.7002131938934326 03630 [720, 920] None
0 1 0.6574516296386719 03630 [1230, 1430] None
0 1 0.6312237977981567 03630 [1240, 1440] None
0 1 0.5611691474914551 03630 [1250, 1450] None
0 1 0.7013986110687256 03630 [1260, 1460] None
0 1 0.6261559724807739 03630 [1270, 1470] None
0 1 0.5708679556846619 03630 [1280, 1480] None
0 1 0.7124584317207336 03630 [1290, 1490] None
0 1 0.6432316899299622 03630 [1300, 1500] None
0 1 0.6230599880218506 03630 [1310, 1510] None
0 1 0.7356187701225281 03630 [1320, 1520] None
0 1 0.6931798458099365 03630 [1330, 1530] None
0 1 0.6280730366706848 03630 [1340, 1540] None
0 1 0.746169924736023 03630 [1350, 1550] None
0 1 0.6294274926185608 03630 [1360, 1560] None
0 1 0.8354827761650085 03630 [1370, 1570] None
0 1 0.9677818417549133 03630 [1380, 1580] None
0 1 0.9217160940170288 03630 [1390, 1590] None
0 1 0.9824873805046082 03630 [2490, 2690] None
0 1 0.9954784512519836 03630 [2500, 2700] None
0 1 0.995689332485199 03630 [2510, 2710] None
0 1 0.9975802898406982 03630 [2520, 2720] None
0 1 0.997103750705719 03630 [2530, 2730] None
0 1 0.9971650242805481 03630 [2540, 2740] None
0 1 0.9979249238967896 03630 [2550, 2750] None
0 1 0.997725784778595 03630 [2560, 2760] None
0 1 0.9973611235618591 03630 [2570, 2770] None
0 1 0.9979446530342102 03630 [2580, 2780] None
0 1 0.9977405071258545 03630 [2590, 2790] None
0 1 0.9974120259284973 03630 [2600, 2800] None
0 1 0.9980782270431519 03630 [2610, 2810] None
0 1 0.9979450106620789 03630 [2620, 2820] None
0 1 0.9975484013557434 03630 [2630, 2830] None
0 1 0.9980015158653259 03630 [2640, 2840] None
0 1 0.9977871179580688 03630 [2650, 2850] None
0 1 0.9961751699447632 03630 [2660, 2860] None
0 1 0.9967845678329468 03630 [2670, 2870] None
0 1 0.6909878849983215 03630 [3000, 3200] None
0 1 0.7798734903335571 03630 [3090, 3290] None
0 1 0.9072073698043823 03630 [3990, 4190] None
0 1 0.7892542481422424 03630 [4000, 4200] None
0 1 0.7705579400062561 03630 [4010, 4210] None
0 1 0.948372483253479 03630 [4020, 4220] None
0 1 0.8050265908241272 03630 [4030, 4230] None
0 1 0.8537011742591858 03630 [4040, 4240] None
0 1 0.9430522322654724 03630 [4050, 4250] None
0 1 0.7253738641738892 03630 [4060, 4260] None
0 1 0.8580823540687561 03630 [4070, 4270] None
0 1 0.7298825979232788 03630 [4080, 4280] None
0 1 0.5291322469711304 03630 [4090, 4290] None
0 1 0.7647315263748169 03630 [4100, 4300] None
0 1 0.8619019389152527 03630 [4120, 4320] None
0 1 0.9643665552139282 03630 [4130, 4330] None
0 1 0.9517858028411865 03630 [4140, 4340] None
0 1 0.9621719121932983 03630 [4150, 4350] None
0 1 0.6202549338340759 50130 [1280, 1480] None
0 1 0.537941038608551 50130 [1300, 1500] None
0 1 0.5288328528404236 50130 [1390, 1590] None
0 1 0.5957179069519043 50130 [1400, 1600] None
0 1 0.513602077960968 50130 [1410, 1610] None
0 1 0.5648635625839233 50130 [1420, 1620] None
0 1 0.6170214414596558 50130 [1430, 1630] None
0 1 0.5199280977249146 50130 [1440, 1640] None
0 1 0.5186282396316528 50130 [1800, 2000] None
0 1 0.94328373670578 50130 [1810, 2010] None
0 1 0.9199125170707703 50130 [1820, 2020] None
0 1 0.8076241612434387 50130 [1830, 2030] None
0 1 0.9766308069229126 50130 [1840, 2040] None
0 1 0.9598002433776855 50130 [1850, 2050] None
0 1 0.9464840888977051 50130 [1860, 2060] None
0 1 0.9821993112564087 50130 [1870, 2070] None
0 1 0.9841437339782715 50130 [1880, 2080] None
0 1 0.9544662237167358 50130 [1890, 2090] None
0 1 0.9152697324752808 50130 [1900, 2100] None
0 1 0.9131581783294678 50130 [1910, 2110] None
0 1 0.9385585188865662 50130 [1920, 2120] None
0 1 0.8891947269439697 50130 [1930, 2130] None
0 1 0.9429966807365417 50130 [1940, 2140] None
0 1 0.9587216377258301 50130 [1950, 2150] None
0 1 0.9200553297996521 50130 [1960, 2160] None
0 1 0.7918705940246582 50130 [1970, 2170] None
0 1 0.7228735089302063 50130 [2080, 2280] None
0 1 0.6670929193496704 50130 [2090, 2290] None
0 1 0.5141322612762451 50130 [2100, 2300] None
0 1 0.6715287566184998 50130 [2110, 2310] None
0 1 0.5253618955612183 50130 [2120, 2320] None
0 1 0.9150304198265076 50130 [2550, 2750] None
0 1 0.9736705422401428 50130 [2560, 2760] None
0 1 0.9908903241157532 50130 [2570, 2770] None
0 1 0.9960387945175171 50130 [2580, 2780] None
0 1 0.987185537815094 50130 [2590, 2790] None
0 1 0.9927775859832764 50130 [2600, 2800] None
0 1 0.9963054656982422 50130 [2610, 2810] None
0 1 0.9927137494087219 50130 [2620, 2820] None
0 1 0.994164764881134 50130 [2630, 2830] None
0 1 0.9971957206726074 50130 [2640, 2840] None
0 1 0.9948562383651733 50130 [2650, 2850] None
0 1 0.9942246079444885 50130 [2660, 2860] None
0 1 0.9974696636199951 50130 [2670, 2870] None
0 1 0.9958539009094238 50130 [2680, 2880] None
0 1 0.995577335357666 50130 [2690, 2890] None
0 1 0.998211145401001 50130 [2700, 2900] None
0 1 0.9970976114273071 50130 [2710, 2910] None
0 1 0.9952778816223145 50130 [2720, 2920] None
0 1 0.9968355298042297 50130 [2730, 2930] None
0 1 0.6363884806632996 50130 [2740, 2940] None
0 1 0.992057740688324 50130 [3040, 3240] None
0 1 0.9810968041419983 50130 [3050, 3250] None
0 1 0.9842005372047424 50130 [3060, 3260] None
0 1 0.9938773512840271 50130 [3070, 3270] None
0 1 0.9879189133644104 50130 [3080, 3280] None
0 1 0.9861719012260437 50130 [3090, 3290] None
0 1 0.9942612648010254 50130 [3100, 3300] None
0 1 0.9886699914932251 50130 [3110, 3310] None
0 1 0.9907941222190857 50130 [3120, 3320] None
0 1 0.9947547912597656 50130 [3130, 3330] None
0 1 0.9898462891578674 50130 [3140, 3340] None
0 1 0.9895771741867065 50130 [3150, 3350] None
0 1 0.9932621121406555 50130 [3160, 3360] None
0 1 0.9878788590431213 50130 [3170, 3370] None
0 1 0.9880210757255554 50130 [3180, 3380] None
0 1 0.9900896549224854 50130 [3190, 3390] None
0 1 0.9856512546539307 50130 [3200, 3400] None
0 1 0.9808128476142883 50130 [3210, 3410] None
0 1 0.971022367477417 50130 [3220, 3420] None
0 1 0.987628698348999 50130 [3230, 3430] None
0 1 0.9709425568580627 50130 [3240, 3440] None
0 1 0.9728482961654663 50130 [3250, 3450] None
0 1 0.9880428314208984 50130 [3260, 3460] None
0 1 0.972055196762085 50130 [3270, 3470] None
0 1 0.9748703241348267 50130 [3280, 3480] None
0 1 0.9901970624923706 50130 [3290, 3490] None
0 1 0.9786162972450256 50130 [3300, 3500] None
0 1 0.9806338548660278 50130 [3310, 3510] None
0 1 0.9195435643196106 50130 [3320, 3520] None
0 1 0.6027165055274963 50130 [4150, 4350] None
0 1 0.9932843446731567 50130 [4160, 4360] None
0 1 0.9955824017524719 50130 [4170, 4370] None
0 1 0.995758593082428 50130 [4180, 4380] None
0 1 0.9959021210670471 50130 [4190, 4390] None
0 1 0.9958860278129578 50130 [4200, 4400] None
0 1 0.9956690073013306 50130 [4210, 4410] None
0 1 0.9961838126182556 50130 [4220, 4420] None
0 1 0.9960713386535645 50130 [4230, 4430] None
0 1 0.9954042434692383 50130 [4240, 4440] None
0 1 0.9964884519577026 50130 [4250, 4450] None
0 1 0.9961374402046204 50130 [4260, 4460] None
0 1 0.9961860775947571 50130 [4270, 4470] None
0 1 0.9967443943023682 50130 [4280, 4480] None
0 1 0.9966757297515869 50130 [4290, 4490] None
0 1 0.9970362186431885 50130 [4300, 4500] None
0 1 0.9961646795272827 50130 [4310, 4510] None
0 1 0.9971101880073547 50130 [4320, 4520] None
0 1 0.6968194842338562 48305 [3010, 3210] None
0 1 0.529464840888977 48305 [3040, 3240] None
0 1 0.9843580722808838 48305 [4410, 4610] None
0 1 0.956504225730896 48305 [4420, 4620] None
0 1 0.9847821593284607 48305 [4440, 4640] None
0 1 0.9703942537307739 48305 [4450, 4650] None
0 1 0.6561771631240845 48305 [4460, 4660] None
0 1 0.9824547171592712 48305 [4470, 4670] None
0 1 0.94446861743927 48305 [4480, 4680] None
0 1 0.9820752739906311 48305 [4500, 4700] None
0 1 0.9399393200874329 48305 [4510, 4710] None
0 1 0.7623921036720276 48305 [4520, 4720] None
0 1 0.9882097244262695 48305 [4530, 4730] None
0 1 0.9727314114570618 48305 [4540, 4740] None
0 1 0.8239197731018066 48305 [4550, 4750] None
0 1 0.9888386726379395 48305 [4560, 4760] None
0 1 0.7886733412742615 48305 [4570, 4770] None
0 1 0.9010804295539856 50420 [1840, 2040] None
0 1 0.9640788435935974 50420 [1850, 2050] None
0 1 0.9805299043655396 50420 [1860, 2060] None
0 1 0.9687883853912354 50420 [1870, 2070] None
0 1 0.9764583110809326 50420 [1880, 2080] None
0 1 0.9726340770721436 50420 [1890, 2090] None
0 1 0.9343857765197754 50420 [1900, 2100] None
0 1 0.9544387459754944 50420 [1910, 2110] None
0 1 0.963624119758606 50420 [1920, 2120] None
0 1 0.8834845423698425 50420 [1930, 2130] None
0 1 0.9197004437446594 50420 [1940, 2140] None
0 1 0.9311417937278748 50420 [1950, 2150] None
0 1 0.8353854417800903 50420 [1960, 2160] None
0 1 0.9112716317176819 50420 [1970, 2170] None
0 1 0.9136397242546082 50420 [1980, 2180] None
0 1 0.8285523653030396 50420 [1990, 2190] None
0 1 0.898306667804718 50420 [2000, 2200] None
0 1 0.9577536582946777 50420 [2010, 2210] None
0 1 0.9911918044090271 50420 [2020, 2220] None
0 1 0.6289881467819214 48619 [660, 860] None
0 1 0.742354154586792 48619 [1910, 2110] None
0 1 0.9577887654304504 48619 [1940, 2140] None
0 1 0.6109573841094971 48619 [1950, 2150] None
0 1 0.9435127973556519 48619 [1960, 2160] None
0 1 0.9582581520080566 48619 [1970, 2170] None
0 1 0.5603253245353699 48619 [1980, 2180] None
0 1 0.9773591160774231 48619 [1990, 2190] None
0 1 0.9189866185188293 48619 [2000, 2200] None
0 1 0.972416341304779 48619 [2020, 2220] None
0 1 0.9549446105957031 48619 [2030, 2230] None
0 1 0.9703273177146912 48619 [2050, 2250] None
0 1 0.9321598410606384 48619 [2060, 2260] None
0 1 0.9485626220703125 48619 [2780, 2980] None
0 1 0.5059334635734558 48619 [4240, 4440] None
0 1 0.8251885175704956 48619 [4250, 4450] None
0 1 0.8089451789855957 48619 [4260, 4460] None
0 1 0.9224254488945007 48619 [4270, 4470] None
0 1 0.8975933194160461 48619 [4280, 4480] None
0 1 0.7964723706245422 48619 [4290, 4490] None
0 1 0.9438036680221558 48619 [4300, 4500] None
0 1 0.8375182747840881 48619 [4310, 4510] None
0 1 0.7816073298454285 48619 [4330, 4530] None
0 1 0.7606972455978394 48619 [4340, 4540] None
0 1 0.7422060966491699 48619 [4350, 4550] None
0 1 0.9759794473648071 48619 [4360, 4560] None
0 1 0.9784594774246216 48619 [4370, 4570] None
0 1 0.9731830358505249 48619 [4380, 4580] None
0 1 0.9867076873779297 48619 [4390, 4590] None
0 1 0.9874742031097412 48619 [4400, 4600] None
0 1 0.9631603956222534 48619 [4410, 4610] None
0 1 0.9884034991264343 48619 [4420, 4620] None
0 1 0.9867960214614868 48619 [4430, 4630] None
0 1 0.9392850995063782 48619 [4440, 4640] None
0 1 0.983060896396637 48619 [4450, 4650] None
0 1 0.9831883311271667 48619 [4460, 4660] None
0 1 0.9435458779335022 48619 [4470, 4670] None
0 1 0.9831215143203735 48619 [4480, 4680] None
0 1 0.9840028882026672 48619 [4490, 4690] None
0 1 0.9427874684333801 48619 [4500, 4700] None
0 1 0.9825757741928101 48619 [4510, 4710] None
0 1 0.9842384457588196 48619 [4520, 4720] None
0 1 0.940584659576416 48619 [4530, 4730] None
0 1 0.9542832970619202 48619 [4540, 4740] None
0 1 0.9068034291267395 01627 [580, 780] None
0 1 0.8529021143913269 01627 [1720, 1920] None
0 1 0.6573197245597839 01627 [2830, 3030] None
0 1 0.9134941101074219 01627 [3000, 3200] None
0 1 0.7193591594696045 01627 [3010, 3210] None
0 1 0.5449016690254211 01627 [3020, 3220] None
0 1 0.915483295917511 01627 [3030, 3230] None
0 1 0.785691499710083 01627 [3040, 3240] None
0 1 0.5861884951591492 01627 [3050, 3250] None
0 1 0.9019708037376404 01627 [3060, 3260] None
0 1 0.7216922044754028 01627 [3070, 3270] None
0 1 0.637050211429596 01627 [3090, 3290] None
0 1 0.7821837067604065 01627 [3120, 3320] None
0 1 0.7605779767036438 01627 [3130, 3330] None
0 1 0.8585566878318787 01627 [3140, 3340] None
0 1 0.9564659595489502 01627 [3150, 3350] None
0 1 0.9585387706756592 01627 [3160, 3360] None
0 1 0.9654338955879211 01627 [3170, 3370] None
0 1 0.7746985554695129 01627 [3180, 3380] None
0 1 0.9384540319442749 01627 [3190, 3390] None
0 1 0.9718323349952698 01627 [3200, 3400] None
0 1 0.9206051230430603 01627 [3220, 3420] None
0 1 0.9667710661888123 01627 [3230, 3430] None
0 1 0.7859737873077393 01627 [3250, 3450] None
0 1 0.8993880152702332 01627 [3260, 3460] None
0 1 0.7315434217453003 01627 [3280, 3480] None
0 1 0.7503634691238403 01627 [3290, 3490] None
0 1 0.6551767587661743 01627 [3300, 3500] None
0 1 0.9205151796340942 03223 [0, 200] None
0 1 0.9086041450500488 03223 [10, 210] None
0 1 0.9311343431472778 03223 [20, 220] None
0 1 0.874807596206665 03223 [40, 240] None
0 1 0.7362733483314514 03223 [50, 250] None
0 1 0.7425171732902527 03223 [70, 270] None
0 1 0.6353179812431335 03223 [80, 280] None
0 1 0.642853319644928 03223 [100, 300] None
0 1 0.8399983048439026 02607 [2370, 2570] None
0 1 0.5393857955932617 02607 [2380, 2580] None
0 1 0.7361964583396912 02607 [2400, 2600] None
0 1 0.6228275895118713 02607 [2410, 2610] None
0 1 0.6848394274711609 02607 [2420, 2620] None
0 1 0.8192946314811707 02607 [2430, 2630] None
0 1 0.8285635709762573 02607 [2440, 2640] None
0 1 0.8444450497627258 02607 [2450, 2650] None
0 1 0.8695788383483887 02607 [2460, 2660] None
0 1 0.7104288935661316 02607 [2470, 2670] None
0 1 0.7984870076179504 02607 [2480, 2680] None
0 1 0.8750131726264954 02607 [2490, 2690] None
0 1 0.92474764585495 02607 [2500, 2700] None
0 1 0.9514241814613342 02607 [2510, 2710] None
0 1 0.9357060194015503 02607 [2520, 2720] None
0 1 0.8826569318771362 02607 [2530, 2730] None
0 1 0.7466229796409607 02607 [2540, 2740] None
0 1 0.6598718762397766 02607 [3060, 3260] None
0 1 0.5915944576263428 02607 [3070, 3270] None
0 1 0.7983461618423462 02607 [4510, 4710] None
0 1 0.8331273794174194 02607 [4520, 4720] None
0 1 0.6916866302490234 02607 [4540, 4740] None
0 1 0.7032357454299927 02607 [4550, 4750] None
0 1 0.5913447737693787 02607 [4570, 4770] None
0 1 0.5883157849311829 02607 [4580, 4780] None
0 1 0.654597282409668 02607 [4610, 4810] None
0 1 0.9629293084144592 01410 [1720, 1920] None
0 1 0.9514931440353394 01410 [1730, 1930] None
0 1 0.9243205189704895 01410 [1740, 1940] None
0 1 0.9539526104927063 01410 [1750, 1950] None
0 1 0.869653582572937 01410 [1760, 1960] None
0 1 0.9301736354827881 01410 [1770, 1970] None
0 1 0.9666348695755005 01410 [1780, 1980] None
0 1 0.9086476564407349 01410 [1790, 1990] None
0 1 0.9676063656806946 01410 [1800, 2000] None
0 1 0.9517949819564819 01410 [1810, 2010] None
0 1 0.7781310677528381 12126 [3020, 3220] None
0 1 0.6355323791503906 12126 [3030, 3230] None
0 1 0.6455883979797363 12126 [3040, 3240] None
0 1 0.8901023864746094 12126 [3050, 3250] None
0 1 0.8221706748008728 12126 [3060, 3260] None
0 1 0.8866117596626282 12126 [3070, 3270] None
0 1 0.9054650068283081 12126 [3080, 3280] None
0 1 0.7884848117828369 12126 [3090, 3290] None
0 1 0.8758383393287659 12126 [3100, 3300] None
0 1 0.9326595664024353 12126 [3110, 3310] None
0 1 0.9417762160301208 12126 [3120, 3320] None
0 1 0.974007248878479 12126 [3130, 3330] None
0 1 0.8540497422218323 35501 [3000, 3200] None
0 1 0.7833322286605835 35501 [3010, 3210] None
0 1 0.6060922145843506 35501 [3020, 3220] None
0 1 0.8919842839241028 35501 [3030, 3230] None
0 1 0.7774477005004883 35501 [3040, 3240] None
0 1 0.9808259606361389 13127 [0, 200] None
0 1 0.9823816418647766 13127 [10, 210] None
0 1 0.9932157397270203 13127 [20, 220] None
0 1 0.5504321455955505 13127 [2580, 2780] None
0 1 0.5487130284309387 13127 [3200, 3400] None
0 1 0.5466409921646118 13127 [3230, 3430] None
0 1 0.5297242403030396 13127 [3260, 3460] None
0 1 0.9987210631370544 50427 [0, 200] None
0 1 0.9987117052078247 50427 [10, 210] None
0 1 0.9988710284233093 50427 [20, 220] None
0 1 0.9988818764686584 50427 [30, 230] None
0 1 0.9985833168029785 50427 [40, 240] None
0 1 0.9985540509223938 50427 [50, 250] None
0 1 0.9979612827301025 50427 [60, 260] None
0 1 0.6527504324913025 50427 [1430, 1630] None
0 1 0.7294548153877258 50427 [3520, 3720] None
0 1 0.8654584288597107 50427 [3530, 3730] None
0 1 0.990906834602356 50427 [3540, 3740] None
0 1 0.984083354473114 50427 [3550, 3750] None
0 1 0.9562545418739319 50427 [3560, 3760] None
0 1 0.9922177791595459 50427 [3570, 3770] None
0 1 0.9894523620605469 50427 [3580, 3780] None
0 1 0.9737088680267334 50427 [3590, 3790] None
0 1 0.9889870285987854 50427 [3600, 3800] None
0 1 0.9781904220581055 50427 [3610, 3810] None
0 1 0.9570102095603943 50427 [3620, 3820] None
0 1 0.9891319870948792 50427 [3630, 3830] None
0 1 0.9878345727920532 50427 [3640, 3840] None
0 1 0.979617178440094 50427 [3650, 3850] None
0 1 0.9945225715637207 50427 [3660, 3860] None
0 1 0.990362823009491 50427 [3670, 3870] None
0 1 0.9852849841117859 50427 [3680, 3880] None
0 1 0.9943981766700745 50427 [3690, 3890] None
0 1 0.9862431883811951 50427 [3700, 3900] None
0 1 0.8939946293830872 01205 [710, 910] None
0 1 0.9051196575164795 01205 [740, 940] None
0 1 0.6639136075973511 01205 [770, 970] None
0 1 0.8670560717582703 01205 [800, 1000] None
0 1 0.5206606984138489 01205 [830, 1030] None
0 1 0.5286466479301453 01205 [1060, 1260] None
0 1 0.7626283764839172 01205 [1090, 1290] None
0 1 0.9845771193504333 01205 [1130, 1330] None
0 1 0.9941049218177795 01205 [1140, 1340] None
0 1 0.994976818561554 01205 [1150, 1350] None
0 1 0.9957572817802429 01205 [1160, 1360] None
0 1 0.9961054921150208 01205 [1170, 1370] None
0 1 0.9952074885368347 01205 [1180, 1380] None
0 1 0.9961943626403809 01205 [1190, 1390] None
0 1 0.9965075850486755 01205 [1200, 1400] None
0 1 0.9952430129051208 01205 [1210, 1410] None
0 1 0.9961780309677124 01205 [1220, 1420] None
0 1 0.9953896999359131 01205 [1230, 1430] None
0 1 0.9940190315246582 01205 [1240, 1440] None
0 1 0.9956523776054382 01205 [1250, 1450] None
0 1 0.9953730702400208 01205 [1260, 1460] None
0 1 0.9936163425445557 01205 [1270, 1470] None
0 1 0.9947380423545837 01205 [1280, 1480] None
0 1 0.9935277104377747 01205 [1290, 1490] None
0 1 0.9886137247085571 01205 [1300, 1500] None
0 1 0.9832522869110107 01205 [1310, 1510] None
0 1 0.5975993871688843 01205 [1540, 1740] None
0 1 0.9859488010406494 01205 [1550, 1750] None
0 1 0.9667626023292542 01205 [1560, 1760] None
0 1 0.8078269362449646 01205 [1570, 1770] None
0 1 0.9903595447540283 01205 [1580, 1780] None
0 1 0.9737179279327393 01205 [1590, 1790] None
0 1 0.9199420213699341 01205 [1600, 1800] None
0 1 0.9939082860946655 01205 [1610, 1810] None
0 1 0.9847455620765686 01205 [1620, 1820] None
0 1 0.9095169901847839 01205 [1630, 1830] None
0 1 0.9876593947410583 01205 [1640, 1840] None
0 1 0.9706175923347473 01205 [1650, 1850] None
0 1 0.9420404434204102 01205 [1660, 1860] None
0 1 0.9888249039649963 01205 [1670, 1870] None
0 1 0.9683540463447571 01205 [1680, 1880] None
0 1 0.9371242523193359 01205 [1690, 1890] None
0 1 0.9924760460853577 01205 [1700, 1900] None
0 1 0.6659977436065674 01205 [1710, 1910] None
