true_label pred_label pred_prob file time_range filler
0 1 0.8045148253440857 01205 [3040, 3240] None
0 1 0.6923364996910095 01205 [3050, 3250] None
0 1 0.807496190071106 01205 [3060, 3260] None
0 1 0.9874774217605591 01205 [3070, 3270] None
0 1 0.9476220607757568 01205 [3080, 3280] None
0 1 0.9287243485450745 01205 [3090, 3290] None
0 1 0.9875078797340393 01205 [3100, 3300] None
0 1 0.9426780343055725 01205 [3110, 3310] None
0 1 0.9372912049293518 01205 [3120, 3320] None
0 1 0.987332284450531 01205 [3130, 3330] None
0 1 0.9390408992767334 01205 [3140, 3340] None
0 1 0.9381833672523499 01205 [3150, 3350] None
0 1 0.9878320097923279 01205 [3160, 3360] None
0 1 0.9419375061988831 01205 [3170, 3370] None
0 1 0.8952468633651733 01205 [3180, 3380] None
0 1 0.9858688116073608 01205 [3190, 3390] None
0 1 0.7193060517311096 01205 [3200, 3400] None
0 1 0.6814373731613159 01205 [3210, 3410] None
0 1 0.9589062929153442 50617 [150, 350] None
0 1 0.9866840243339539 50617 [160, 360] None
0 1 0.9844590425491333 50617 [170, 370] None
0 1 0.9909850358963013 50617 [180, 380] None
0 1 0.9927603006362915 50617 [190, 390] None
0 1 0.9902925491333008 50617 [200, 400] None
0 1 0.9932000041007996 50617 [210, 410] None
0 1 0.9929757118225098 50617 [220, 420] None
0 1 0.9904857277870178 50617 [230, 430] None
0 1 0.9931934475898743 50617 [240, 440] None
0 1 0.9928828477859497 50617 [250, 450] None
0 1 0.9904995560646057 50617 [260, 460] None
0 1 0.9932578802108765 50617 [270, 470] None
0 1 0.9914501309394836 50617 [280, 480] None
0 1 0.9902032613754272 50617 [290, 490] None
0 1 0.9931550621986389 50617 [300, 500] None
0 1 0.9928081035614014 50617 [310, 510] None
0 1 0.9938585162162781 50617 [320, 520] None
0 1 0.9950270056724548 50617 [330, 530] None
0 1 0.8465343117713928 50617 [340, 540] None
0 1 0.8024111390113831 01126 [4080, 4280] None
0 1 0.551827073097229 01126 [4230, 4430] None
0 1 0.5584444999694824 01126 [4260, 4460] None
0 1 0.9508017301559448 48628 [640, 840] None
0 1 0.9757875204086304 48628 [650, 850] None
0 1 0.9838069677352905 48628 [660, 860] None
0 1 0.9881545305252075 48628 [670, 870] None
0 1 0.9870004057884216 48628 [680, 880] None
0 1 0.9887850284576416 48628 [690, 890] None
0 1 0.9899628758430481 48628 [700, 900] None
0 1 0.9879680871963501 48628 [710, 910] None
0 1 0.9890086054801941 48628 [720, 920] None
0 1 0.9899905920028687 48628 [730, 930] None
0 1 0.9881247282028198 48628 [740, 940] None
0 1 0.9891194105148315 48628 [750, 950] None
0 1 0.9900190830230713 48628 [760, 960] None
0 1 0.9883003234863281 48628 [770, 970] None
0 1 0.9896184802055359 48628 [780, 980] None
0 1 0.9898772835731506 48628 [790, 990] None
0 1 0.9867429733276367 48628 [800, 1000] None
0 1 0.985163152217865 48628 [810, 1010] None
0 1 0.9856512546539307 48628 [820, 1020] None
0 1 0.9521039724349976 48628 [830, 1030] None
0 1 0.8044434189796448 48628 [1070, 1270] None
0 1 0.9430312514305115 48628 [1510, 1710] None
0 1 0.9800032377243042 48628 [1520, 1720] None
0 1 0.9865037202835083 48628 [1530, 1730] None
0 1 0.9866710305213928 48628 [1540, 1740] None
0 1 0.9858070611953735 48628 [1550, 1750] None
0 1 0.9921372532844543 48628 [1560, 1760] None
0 1 0.9914764761924744 48628 [1570, 1770] None
0 1 0.9913529753684998 48628 [1580, 1780] None
0 1 0.9925354719161987 48628 [1590, 1790] None
0 1 0.9914416670799255 48628 [1600, 1800] None
0 1 0.9913625121116638 48628 [1610, 1810] None
0 1 0.9924395084381104 48628 [1620, 1820] None
0 1 0.9913513660430908 48628 [1630, 1830] None
0 1 0.9911585450172424 48628 [1640, 1840] None
0 1 0.992363452911377 48628 [1650, 1850] None
0 1 0.9906463623046875 48628 [1660, 1860] None
0 1 0.9893219470977783 48628 [1670, 1870] None
0 1 0.9900750517845154 48628 [1680, 1880] None
0 1 0.9876062273979187 48628 [1690, 1890] None
0 1 0.8765249252319336 48628 [1930, 2130] None
0 1 0.9798864722251892 48628 [1940, 2140] None
0 1 0.9857953786849976 48628 [1950, 2150] None
0 1 0.9877646565437317 48628 [1960, 2160] None
0 1 0.9907637238502502 48628 [1970, 2170] None
0 1 0.9885022640228271 48628 [1980, 2180] None
0 1 0.9855737090110779 48628 [1990, 2190] None
0 1 0.9888773560523987 48628 [2000, 2200] None
0 1 0.9880532622337341 48628 [2010, 2210] None
0 1 0.9881994724273682 48628 [2020, 2220] None
0 1 0.9907277822494507 48628 [2030, 2230] None
0 1 0.9888967275619507 48628 [2040, 2240] None
0 1 0.9885373115539551 48628 [2050, 2250] None
0 1 0.9908089637756348 48628 [2060, 2260] None
0 1 0.9889107942581177 48628 [2070, 2270] None
0 1 0.9880602955818176 48628 [2080, 2280] None
0 1 0.9905095100402832 48628 [2090, 2290] None
0 1 0.9862646460533142 48628 [2100, 2300] None
0 1 0.9819318056106567 48628 [2110, 2310] None
0 1 0.6151605844497681 48628 [2770, 2970] None
0 1 0.5198025703430176 48628 [2790, 2990] None
0 1 0.860906720161438 48628 [2800, 3000] None
0 1 0.5615960955619812 48628 [2890, 3090] None
0 1 0.9373003840446472 48628 [3780, 3980] None
0 1 0.9831958413124084 48628 [3790, 3990] None
0 1 0.9914370179176331 48628 [3800, 4000] None
0 1 0.9919973015785217 48628 [3810, 4010] None
0 1 0.993463933467865 48628 [3820, 4020] None
0 1 0.9950849413871765 48628 [3830, 4030] None
0 1 0.9933034777641296 48628 [3840, 4040] None
0 1 0.9936965107917786 48628 [3850, 4050] None
0 1 0.9951011538505554 48628 [3860, 4060] None
0 1 0.993014931678772 48628 [3870, 4070] None
0 1 0.9940106272697449 48628 [3880, 4080] None
0 1 0.9969184398651123 48628 [3890, 4090] None
0 1 0.9947260022163391 48628 [3900, 4100] None
0 1 0.9945914149284363 48628 [3910, 4110] None
0 1 0.9968269467353821 48628 [3920, 4120] None
0 1 0.9944798946380615 48628 [3930, 4130] None
0 1 0.9941943287849426 48628 [3940, 4140] None
0 1 0.9962193369865417 48628 [3950, 4150] None
0 1 0.9877967238426208 48628 [3960, 4160] None
0 1 0.9154263138771057 25101 [1590, 1790] None
0 1 0.9782981276512146 25101 [1600, 1800] None
0 1 0.9441684484481812 25101 [1610, 1810] None
0 1 0.8731014132499695 25101 [1620, 1820] None
0 1 0.9762324094772339 25101 [1630, 1830] None
0 1 0.9373548626899719 25101 [1640, 1840] None
0 1 0.5688124299049377 25101 [1650, 1850] None
0 1 0.8320568799972534 25101 [2160, 2360] None
0 1 0.8253163695335388 25101 [2190, 2390] None
0 1 0.881043553352356 25101 [2220, 2420] None
0 1 0.883956253528595 25101 [2230, 2430] None
0 1 0.6872130036354065 25101 [2240, 2440] None
0 1 0.5771746635437012 25101 [2250, 2450] None
0 1 0.9039229154586792 25101 [2260, 2460] None
0 1 0.7892903089523315 25101 [2270, 2470] None
0 1 0.5782754421234131 25101 [2280, 2480] None
0 1 0.9009464383125305 25101 [2290, 2490] None
0 1 0.8141394257545471 25101 [2300, 2500] None
0 1 0.7979727387428284 25101 [2320, 2520] None
0 1 0.9085970520973206 07601 [1730, 1930] None
0 1 0.7218409180641174 07601 [3400, 3600] None
0 1 0.9612197279930115 07601 [3410, 3610] None
0 1 0.9127600193023682 07601 [3420, 3620] None
0 1 0.9650296568870544 07601 [3430, 3630] None
0 1 0.970394492149353 07601 [3440, 3640] None
0 1 0.9521653056144714 07601 [3450, 3650] None
0 1 0.9714034795761108 07601 [3460, 3660] None
0 1 0.9796704053878784 07601 [3470, 3670] None
0 1 0.9506872892379761 07601 [3480, 3680] None
0 1 0.9712901711463928 07601 [3490, 3690] None
0 1 0.9782558083534241 07601 [3500, 3700] None
0 1 0.9559802412986755 07601 [3510, 3710] None
0 1 0.9688726663589478 07601 [3520, 3720] None
0 1 0.9782254695892334 07601 [3530, 3730] None
0 1 0.9466041326522827 07601 [3540, 3740] None
0 1 0.9647611379623413 07601 [3550, 3750] None
0 1 0.9502401351928711 07601 [3560, 3760] None
0 1 0.7483385801315308 07601 [3570, 3770] None
0 1 0.9148287177085876 07601 [3580, 3780] None
0 1 0.8156511187553406 07601 [3980, 4180] None
0 1 0.5506134033203125 07601 [3990, 4190] None
0 1 0.574375569820404 07601 [4000, 4200] None
0 1 0.747515857219696 07601 [4010, 4210] None
0 1 0.68235182762146 07601 [4030, 4230] None
0 1 0.7265913486480713 07601 [4040, 4240] None
0 1 0.8247514367103577 07601 [4050, 4250] None
0 1 0.6936513185501099 07601 [4060, 4260] None
0 1 0.8039768934249878 07601 [4070, 4270] None
0 1 0.6442535519599915 07601 [4080, 4280] None
0 1 0.5009985566139221 07601 [4090, 4290] None
0 1 0.8136948347091675 07601 [4100, 4300] None
0 1 0.5879613161087036 07601 [4110, 4310] None
0 1 0.544059693813324 07601 [4940, 5140] None
0 1 0.8282904624938965 07601 [4960, 5160] None
0 1 0.8578166365623474 07601 [4970, 5170] None
0 1 0.8082433938980103 07601 [4990, 5190] None
0 1 0.7784573435783386 07601 [5000, 5200] None
0 1 0.8103684186935425 07601 [5020, 5220] None
0 1 0.8204285502433777 07601 [5030, 5230] None
0 1 0.9047985076904297 07601 [5050, 5250] None
0 1 0.865999162197113 07601 [5060, 5260] None
0 1 0.6674308776855469 07601 [5070, 5270] None
0 1 0.9017642736434937 07601 [5080, 5280] None
0 1 0.9451780915260315 07601 [5090, 5290] None
0 1 0.913855254650116 07601 [5100, 5300] None
0 1 0.8537907600402832 07601 [5110, 5310] None
0 1 0.869976818561554 03105 [880, 1080] None
0 1 0.7301062345504761 03105 [890, 1090] None
0 1 0.9466953873634338 03105 [900, 1100] None
0 1 0.9385330080986023 03105 [910, 1110] None
0 1 0.7629197835922241 03105 [920, 1120] None
0 1 0.9414711594581604 03105 [930, 1130] None
0 1 0.9342284202575684 03105 [940, 1140] None
0 1 0.7847632765769958 03105 [950, 1150] None
0 1 0.9443824887275696 03105 [960, 1160] None
0 1 0.9283037185668945 03105 [970, 1170] None
0 1 0.8065853714942932 03105 [980, 1180] None
0 1 0.9460471868515015 03105 [990, 1190] None
0 1 0.9232361912727356 03105 [1000, 1200] None
0 1 0.9080466032028198 03105 [1010, 1210] None
0 1 0.9552285671234131 03105 [1020, 1220] None
0 1 0.9510200023651123 03105 [1030, 1230] None
0 1 0.9603204131126404 03105 [1040, 1240] None
0 1 0.9671794772148132 03105 [1050, 1250] None
0 1 0.9596279859542847 03105 [1060, 1260] None
0 1 0.9723570346832275 03105 [1070, 1270] None
0 1 0.9704890251159668 03105 [1080, 1280] None
0 1 0.9490249156951904 03105 [1090, 1290] None
0 1 0.9722269177436829 03105 [1100, 1300] None
0 1 0.9709511399269104 03105 [1110, 1310] None
0 1 0.9580559134483337 03105 [1120, 1320] None
0 1 0.9740018248558044 03105 [1130, 1330] None
0 1 0.9688605666160583 03105 [1140, 1340] None
0 1 0.9592604637145996 03105 [1150, 1350] None
0 1 0.9763452410697937 03105 [1160, 1360] None
0 1 0.9713678956031799 03105 [1170, 1370] None
0 1 0.9469239711761475 03105 [1180, 1380] None
0 1 0.926155686378479 03105 [1190, 1390] None
0 1 0.6869887709617615 03105 [1490, 1690] None
0 1 0.6384842395782471 03105 [1520, 1720] None
0 1 0.8157356977462769 35522 [3040, 3240] None
0 1 0.5627080202102661 35522 [3050, 3250] None
0 1 0.9397412538528442 35522 [3060, 3260] None
0 1 0.9430347084999084 35522 [3070, 3270] None
0 1 0.6250296235084534 35522 [3330, 3530] None
0 1 0.8321635723114014 35522 [3360, 3560] None
0 1 0.8115086555480957 35522 [3390, 3590] None
0 1 0.7280195951461792 35522 [3450, 3650] None
0 1 0.5107066035270691 35522 [3470, 3670] None
0 1 0.7174839377403259 35522 [3480, 3680] None
0 1 0.5067430734634399 33606 [1780, 1980] None
0 1 0.830328106880188 33606 [5250, 5450] None
0 1 0.6336039304733276 33606 [5260, 5460] None
0 1 0.7939190864562988 33606 [5270, 5470] None
0 1 0.5764954090118408 33606 [5290, 5490] None
0 1 0.5963930487632751 33606 [5300, 5500] None
0 1 0.5299960970878601 33606 [5320, 5520] None
0 1 0.6402192115783691 33606 [5330, 5530] None
0 1 0.5402802228927612 33606 [5350, 5550] None
0 1 0.9595140218734741 49118 [490, 690] None
0 1 0.9880796074867249 49118 [500, 700] None
0 1 0.9925603866577148 49118 [510, 710] None
0 1 0.9934735894203186 49118 [520, 720] None
0 1 0.9938714504241943 49118 [530, 730] None
0 1 0.9927729964256287 49118 [540, 740] None
0 1 0.9935071468353271 49118 [550, 750] None
0 1 0.9938116073608398 49118 [560, 760] None
0 1 0.9927372336387634 49118 [570, 770] None
0 1 0.9935083389282227 49118 [580, 780] None
0 1 0.9938642978668213 49118 [590, 790] None
0 1 0.9925980567932129 49118 [600, 800] None
0 1 0.9937315583229065 49118 [610, 810] None
0 1 0.9938249588012695 49118 [620, 820] None
0 1 0.9928626418113708 49118 [630, 830] None
0 1 0.9933203458786011 49118 [640, 840] None
0 1 0.9938414096832275 49118 [650, 850] None
0 1 0.992664098739624 49118 [660, 860] None
0 1 0.9932143688201904 49118 [670, 870] None
0 1 0.9848921298980713 49118 [680, 880] None
0 1 0.9180000424385071 49118 [1590, 1790] None
0 1 0.9456274509429932 49118 [1600, 1800] None
0 1 0.5531340837478638 49118 [1610, 1810] None
0 1 0.8787441849708557 49118 [1620, 1820] None
0 1 0.6660460829734802 49118 [1630, 1830] None
0 1 0.6131383776664734 49118 [1640, 1840] None
0 1 0.8481229543685913 49118 [1650, 1850] None
0 1 0.6707196831703186 49118 [1660, 1860] None
0 1 0.6980545520782471 49118 [1670, 1870] None
0 1 0.873694658279419 49118 [1680, 1880] None
0 1 0.865395188331604 49118 [1690, 1890] None
0 1 0.8570379614830017 49118 [1700, 1900] None
0 1 0.8842683434486389 49118 [1710, 1910] None
0 1 0.8509583473205566 49118 [1720, 1920] None
0 1 0.8417338728904724 49118 [1730, 1930] None
0 1 0.8936502933502197 49118 [1740, 1940] None
0 1 0.8812233209609985 49118 [1750, 1950] None
0 1 0.8858478665351868 49118 [1760, 1960] None
0 1 0.8727596402168274 49118 [1770, 1970] None
0 1 0.9084796905517578 49118 [1780, 1980] None
0 1 0.8774302005767822 49118 [1790, 1990] None
0 1 0.8466189503669739 49118 [1800, 2000] None
0 1 0.9283251762390137 49118 [1810, 2010] None
0 1 0.8724563717842102 49118 [1820, 2020] None
0 1 0.686674952507019 49118 [1830, 2030] None
0 1 0.8302293419837952 49118 [1840, 2040] None
0 1 0.710140585899353 36307 [1780, 1980] None
0 1 0.6868597865104675 36307 [1810, 2010] None
0 1 0.8977182507514954 36307 [1840, 2040] None
0 1 0.6595118045806885 36307 [1850, 2050] None
0 1 0.5716105103492737 36307 [1860, 2060] None
0 1 0.8932464718818665 36307 [1870, 2070] None
0 1 0.8061749339103699 36307 [1880, 2080] None
0 1 0.7187585830688477 36307 [1890, 2090] None
0 1 0.9243124723434448 36307 [1900, 2100] None
0 1 0.8408398628234863 36307 [1910, 2110] None
0 1 0.6527905464172363 36307 [1920, 2120] None
0 1 0.7602371573448181 36307 [1930, 2130] None
0 1 0.6021080613136292 29411 [1680, 1880] None
0 1 0.5982499122619629 29411 [1710, 1910] None
0 1 0.6760866045951843 29411 [1740, 1940] None
0 1 0.5277044177055359 29411 [1750, 1950] None
0 1 0.8457674384117126 29411 [1770, 1970] None
0 1 0.7175647020339966 29411 [1780, 1980] None
0 1 0.6820369362831116 29411 [1800, 2000] None
0 1 0.5144814848899841 29411 [1830, 2030] None
0 1 0.8413980603218079 29411 [1860, 2060] None
0 1 0.8709036707878113 29411 [3000, 3200] None
0 1 0.8121073842048645 29411 [3010, 3210] None
0 1 0.8329497575759888 29411 [3020, 3220] None
0 1 0.9536594748497009 29411 [3030, 3230] None
0 1 0.9161768555641174 29411 [3040, 3240] None
0 1 0.9155222177505493 29411 [3050, 3250] None
0 1 0.9678119421005249 29411 [3060, 3260] None
0 1 0.9316927790641785 29411 [3070, 3270] None
0 1 0.9275743961334229 29411 [3080, 3280] None
0 1 0.96843421459198 29411 [3090, 3290] None
0 1 0.9362630248069763 29411 [3100, 3300] None
0 1 0.9269015192985535 29411 [3110, 3310] None
0 1 0.9437409043312073 29411 [3120, 3320] None
0 1 0.9077686071395874 29411 [3130, 3330] None
0 1 0.926947832107544 29411 [3140, 3340] None
0 1 0.9659342765808105 29411 [3150, 3350] None
0 1 0.9347044825553894 29411 [3160, 3360] None
0 1 0.9308128356933594 29411 [3170, 3370] None
0 1 0.9134111404418945 29411 [3180, 3380] None
0 1 0.5860227346420288 29411 [3940, 4140] None
0 1 0.6569874882698059 29411 [4590, 4790] None
0 1 0.8703576326370239 29411 [4600, 4800] None
0 1 0.9203858375549316 29411 [4610, 4810] None
0 1 0.9407781958580017 29411 [4620, 4820] None
0 1 0.9536171555519104 29411 [4630, 4830] None
0 1 0.9387698769569397 29411 [4640, 4840] None
0 1 0.947198212146759 29411 [4650, 4850] None
0 1 0.9428244233131409 29411 [4660, 4860] None
0 1 0.9362448453903198 29411 [4670, 4870] None
0 1 0.9473809003829956 29411 [4680, 4880] None
0 1 0.94217848777771 29411 [4690, 4890] None
0 1 0.9359663724899292 29411 [4700, 4900] None
0 1 0.947079598903656 29411 [4710, 4910] None
0 1 0.9392806887626648 29411 [4720, 4920] None
0 1 0.9405468702316284 29411 [4730, 4930] None
0 1 0.9422969222068787 29411 [4740, 4940] None
0 1 0.9434029459953308 29411 [4750, 4950] None
0 1 0.9385551810264587 29411 [4760, 4960] None
0 1 0.9423791766166687 29411 [4770, 4970] None
0 1 0.8846027255058289 29411 [4780, 4980] None
0 1 0.9032954573631287 07530 [4650, 4850] None
0 1 0.9594589471817017 07530 [4660, 4860] None
0 1 0.9817861914634705 07530 [4670, 4870] None
0 1 0.9636773467063904 07530 [4680, 4880] None
0 1 0.9672749638557434 07530 [4690, 4890] None
0 1 0.7835872769355774 07120 [920, 1120] None
0 1 0.6168039441108704 07120 [1460, 1660] None
0 1 0.7195468544960022 07120 [1480, 1680] None
0 1 0.840232253074646 07120 [1490, 1690] None
0 1 0.7692299485206604 07120 [1500, 1700] None
0 1 0.8015491962432861 07120 [1510, 1710] None
0 1 0.8212321996688843 07120 [1520, 1720] None
0 1 0.6312075257301331 07120 [1530, 1730] None
0 1 0.5373407006263733 07120 [1540, 1740] None
0 1 0.5578558444976807 07120 [1580, 1780] None
0 1 0.8997302651405334 07120 [1610, 1810] None
0 1 0.7208917737007141 07120 [1620, 1820] None
0 1 0.9664403200149536 07120 [2740, 2940] None
0 1 0.9808729887008667 07120 [2750, 2950] None
0 1 0.9886343479156494 07120 [2760, 2960] None
0 1 0.9867053627967834 07120 [2770, 2970] None
0 1 0.9848108291625977 07120 [2780, 2980] None
0 1 0.9899570345878601 07120 [2790, 2990] None
0 1 0.9805927276611328 07120 [2800, 3000] None
0 1 0.9852796792984009 07120 [2810, 3010] None
0 1 0.9867614507675171 07120 [2820, 3020] None
0 1 0.9783092737197876 07120 [2830, 3030] None
0 1 0.9850113987922668 07120 [2840, 3040] None
0 1 0.986822247505188 07120 [2850, 3050] None
0 1 0.9772880673408508 07120 [2860, 3060] None
0 1 0.9854243397712708 07120 [2870, 3070] None
0 1 0.9871830940246582 07120 [2880, 3080] None
0 1 0.9755669832229614 07120 [2890, 3090] None
0 1 0.9868912100791931 07120 [2900, 3100] None
0 1 0.9895407557487488 07120 [2910, 3110] None
0 1 0.9805663824081421 07120 [2920, 3120] None
0 1 0.833217978477478 07120 [3690, 3890] None
0 1 0.8849256038665771 07120 [3700, 3900] None
0 1 0.8974232077598572 07120 [3710, 3910] None
0 1 0.8991106748580933 07120 [3720, 3920] None
0 1 0.9045259356498718 07120 [3730, 3930] None
0 1 0.8902096748352051 07120 [3740, 3940] None
0 1 0.885678768157959 07120 [3750, 3950] None
0 1 0.9004049897193909 07120 [3760, 3960] None
0 1 0.8967368006706238 07120 [3770, 3970] None
0 1 0.9030990600585938 07120 [3780, 3980] None
0 1 0.9067878127098083 07120 [3790, 3990] None
0 1 0.9171519875526428 07120 [3800, 4000] None
0 1 0.9228505492210388 07120 [3810, 4010] None
0 1 0.9301848411560059 07120 [3820, 4020] None
0 1 0.9292251467704773 07120 [3830, 4030] None
0 1 0.9215748906135559 07120 [3840, 4040] None
0 1 0.8919084668159485 07120 [3850, 4050] None
0 1 0.8577967286109924 07120 [3860, 4060] None
0 1 0.6807001829147339 07120 [3870, 4070] None
0 1 0.9458626508712769 50116 [3120, 3320] None
0 1 0.9798681139945984 50116 [3130, 3330] None
0 1 0.9902410507202148 50116 [3140, 3340] None
0 1 0.9931835532188416 50116 [3150, 3350] None
0 1 0.9932141304016113 50116 [3160, 3360] None
0 1 0.994967520236969 50116 [3170, 3370] None
0 1 0.9932094216346741 50116 [3180, 3380] None
0 1 0.9946420192718506 50116 [3190, 3390] None
0 1 0.9955413937568665 50116 [3200, 3400] None
0 1 0.9942206144332886 50116 [3210, 3410] None
0 1 0.9946282505989075 50116 [3220, 3420] None
0 1 0.9955405592918396 50116 [3230, 3430] None
0 1 0.9942071437835693 50116 [3240, 3440] None
0 1 0.9946616291999817 50116 [3250, 3450] None
0 1 0.9955949187278748 50116 [3260, 3460] None
0 1 0.9942856431007385 50116 [3270, 3470] None
0 1 0.9946605563163757 50116 [3280, 3480] None
0 1 0.99554044008255 50116 [3290, 3490] None
0 1 0.991473913192749 50116 [3300, 3500] None
0 1 0.6616820693016052 50116 [3310, 3510] None
0 1 0.5022399425506592 50116 [3900, 4100] None
0 1 0.5229645371437073 50116 [3920, 4120] None
0 1 0.6295050382614136 50116 [3930, 4130] None
0 1 0.9562132358551025 04629 [1980, 2180] None
0 1 0.9833347797393799 04629 [1990, 2190] None
0 1 0.9557936191558838 04629 [2000, 2200] None
0 1 0.9660530686378479 04629 [2010, 2210] None
0 1 0.98956698179245 04629 [2020, 2220] None
0 1 0.8371667861938477 04629 [3150, 3350] None
0 1 0.5464299321174622 04629 [4630, 4830] None
0 1 0.5236974358558655 04629 [4650, 4850] None
0 1 0.5155918598175049 04629 [4660, 4860] None
0 1 0.627895176410675 04629 [4680, 4880] None
0 1 0.7391130328178406 04629 [4690, 4890] None
0 1 0.6218543648719788 04629 [4710, 4910] None
0 1 0.6889612078666687 04629 [4720, 4920] None
0 1 0.6852484345436096 01117 [2320, 2520] None
0 1 0.9299403429031372 01117 [2330, 2530] None
0 1 0.9655287265777588 01117 [2340, 2540] None
0 1 0.9779462814331055 01117 [2350, 2550] None
0 1 0.9783105850219727 01117 [2360, 2560] None
0 1 0.9819952249526978 01117 [2370, 2570] None
0 1 0.9781549572944641 01117 [2380, 2580] None
0 1 0.978093147277832 01117 [2390, 2590] None
0 1 0.9821913838386536 01117 [2400, 2600] None
0 1 0.9800525903701782 01117 [2410, 2610] None
0 1 0.9811872243881226 01117 [2420, 2620] None
0 1 0.9870309233665466 01117 [2430, 2630] None
0 1 0.9830286502838135 01117 [2440, 2640] None
0 1 0.9868201613426208 01117 [2450, 2650] None
0 1 0.9888534545898438 01117 [2460, 2660] None
0 1 0.9864506721496582 01117 [2470, 2670] None
0 1 0.9889758825302124 01117 [2480, 2680] None
0 1 0.9886780381202698 01117 [2490, 2690] None
0 1 0.9768679141998291 01117 [2500, 2700] None
0 1 0.8454065322875977 01117 [2510, 2710] None
0 1 0.9724045991897583 01117 [2840, 3040] None
0 1 0.9746333956718445 01117 [2850, 3050] None
0 1 0.9815296530723572 01117 [2860, 3060] None
0 1 0.973188579082489 01117 [2870, 3070] None
0 1 0.9751788973808289 01117 [2880, 3080] None
0 1 0.572171151638031 19505 [2990, 3190] None
0 1 0.6365545988082886 19505 [3000, 3200] None
0 1 0.9782893061637878 19505 [3010, 3210] None
0 1 0.97297203540802 19505 [3020, 3220] None
0 1 0.9530720710754395 19505 [3030, 3230] None
0 1 0.9828869700431824 19505 [3040, 3240] None
0 1 0.9725745320320129 19505 [3050, 3250] None
0 1 0.9610874652862549 19505 [3060, 3260] None
0 1 0.9826517105102539 19505 [3070, 3270] None
0 1 0.9668958783149719 19505 [3080, 3280] None
0 1 0.8930437564849854 19505 [3090, 3290] None
0 1 0.9774675369262695 19505 [3100, 3300] None
0 1 0.9444806575775146 19505 [3110, 3310] None
0 1 0.8373517394065857 19505 [3120, 3320] None
0 1 0.9687719345092773 19505 [3130, 3330] None
0 1 0.791803240776062 19505 [3140, 3340] None
0 1 0.5036235451698303 19505 [3160, 3360] None
0 1 0.5678986310958862 19505 [4060, 4260] None
0 1 0.702223002910614 19505 [4070, 4270] None
0 1 0.5752497911453247 19505 [4090, 4290] None
0 1 0.7083959579467773 19505 [4100, 4300] None
0 1 0.5317612290382385 19505 [4120, 4320] None
0 1 0.6479844450950623 19505 [4130, 4330] None
0 1 0.5140976309776306 19505 [4150, 4350] None
0 1 0.9655320644378662 19505 [4400, 4600] None
0 1 0.6630918383598328 50413 [4760, 4960] None
0 1 0.8619374632835388 50413 [4770, 4970] None
0 1 0.7728881239891052 50413 [4780, 4980] None
0 1 0.6793373227119446 50413 [4790, 4990] None
0 1 0.7770466804504395 50413 [4800, 5000] None
0 1 0.6189770698547363 01114 [0, 200] None
0 1 0.6246501803398132 01114 [10, 210] None
0 1 0.6260634660720825 01114 [20, 220] None
0 1 0.5806300044059753 01114 [30, 230] None
0 1 0.5494163036346436 01114 [40, 240] None
0 1 0.5732483267784119 01114 [130, 330] None
0 1 0.6614490747451782 01114 [2160, 2360] None
0 1 0.5155457854270935 01114 [3450, 3650] None
0 1 0.8222576379776001 50120 [1800, 2000] None
0 1 0.863791823387146 50120 [1810, 2010] None
0 1 0.6404151320457458 50120 [1820, 2020] None
0 1 0.8501512408256531 50120 [1830, 2030] None
0 1 0.8604114651679993 50120 [1840, 2040] None
0 1 0.6934596300125122 50120 [1850, 2050] None
0 1 0.883336067199707 50120 [1860, 2060] None
0 1 0.8802716732025146 50120 [1870, 2070] None
0 1 0.7160108089447021 50120 [1880, 2080] None
0 1 0.8695693612098694 50120 [1890, 2090] None
0 1 0.8949447274208069 50120 [1900, 2100] None
0 1 0.8998429775238037 50120 [1910, 2110] None
0 1 0.761501669883728 50120 [1920, 2120] None
0 1 0.7863868474960327 50120 [1930, 2130] None
0 1 0.5307717323303223 50120 [1940, 2140] None
0 1 0.6056421399116516 50120 [3040, 3240] None
0 1 0.611862301826477 50120 [3060, 3260] None
0 1 0.6499810814857483 50120 [3070, 3270] None
0 1 0.6041069030761719 50120 [3080, 3280] None
0 1 0.7045472860336304 50120 [3090, 3290] None
0 1 0.6818426847457886 50120 [3100, 3300] None
0 1 0.5686654448509216 50120 [3110, 3310] None
0 1 0.699110209941864 50229 [2680, 2880] None
0 1 0.7676392197608948 50229 [2740, 2940] None
0 1 0.6888054013252258 50229 [3920, 4120] None
0 1 0.8294022679328918 50229 [3950, 4150] None
0 1 0.7923504710197449 35412 [4790, 4990] None
0 1 0.7990211844444275 35412 [5140, 5340] None
0 1 0.5510765314102173 35412 [5170, 5370] None
0 1 0.5611403584480286 35412 [5230, 5430] None
0 1 0.709476888179779 35412 [5260, 5460] None
0 1 0.7117100358009338 35412 [5290, 5490] None
0 1 0.925327479839325 49505 [520, 720] None
0 1 0.5556558966636658 49505 [530, 730] None
0 1 0.6819906830787659 49505 [540, 740] None
0 1 0.9224416613578796 49505 [550, 750] None
0 1 0.5859788060188293 49505 [570, 770] None
0 1 0.8271263837814331 49505 [580, 780] None
0 1 0.5804068446159363 49505 [600, 800] None
0 1 0.8343102335929871 49505 [610, 810] None
0 1 0.5081086754798889 49505 [630, 830] None
0 1 0.8335228562355042 49505 [640, 840] None
0 1 0.779140055179596 49505 [670, 870] None
0 1 0.7336863875389099 49505 [1730, 1930] None
0 1 0.7891605496406555 49505 [1760, 1960] None
0 1 0.7392513155937195 49505 [1790, 1990] None
0 1 0.702587366104126 49505 [1820, 2020] None
0 1 0.538557767868042 49505 [4150, 4350] None
0 1 0.5974242091178894 49505 [4160, 4360] None
0 1 0.722066342830658 49505 [4170, 4370] None
0 1 0.787726879119873 49505 [4180, 4380] None
0 1 0.6134692430496216 49505 [4190, 4390] None
0 1 0.5213162899017334 49505 [4210, 4410] None
0 1 0.6927351951599121 50621 [400, 600] None
0 1 0.983720064163208 50621 [3470, 3670] None
0 1 0.9888725876808167 50621 [3480, 3680] None
0 1 0.9900716543197632 50621 [3490, 3690] None
0 1 0.9917808175086975 50621 [3500, 3700] None
0 1 0.9935498833656311 50621 [3510, 3710] None
0 1 0.9928126931190491 50621 [3520, 3720] None
0 1 0.9917709827423096 50621 [3530, 3730] None
0 1 0.9935705661773682 50621 [3540, 3740] None
0 1 0.9931554198265076 50621 [3550, 3750] None
0 1 0.994419515132904 50621 [3560, 3760] None
0 1 0.9943865537643433 50621 [3570, 3770] None
0 1 0.9942235350608826 50621 [3580, 3780] None
0 1 0.9944296479225159 50621 [3590, 3790] None
0 1 0.9941641688346863 50621 [3600, 3800] None
0 1 0.9939895868301392 50621 [3610, 3810] None
0 1 0.9947336912155151 50621 [3620, 3820] None
0 1 0.9943785071372986 50621 [3630, 3830] None
0 1 0.9952799081802368 50621 [3640, 3840] None
0 1 0.994320273399353 50621 [3650, 3850] None
0 1 0.5873246788978577 50621 [3660, 3860] None
0 1 0.7158374190330505 50621 [3740, 3940] None
0 1 0.8391692638397217 50621 [3770, 3970] None
0 1 0.8851295113563538 50621 [3800, 4000] None
0 1 0.6987022161483765 50621 [3830, 4030] None
0 1 0.6144062876701355 50621 [3860, 4060] None
0 1 0.5135059356689453 50621 [3890, 4090] None
0 1 0.7044311165809631 50621 [5050, 5250] None
0 1 0.7416173815727234 50621 [5060, 5260] None
0 1 0.812386691570282 50621 [5070, 5270] None
0 1 0.8895849585533142 50621 [5080, 5280] None
0 1 0.8317161202430725 50621 [5090, 5290] None
0 1 0.833446204662323 50621 [5100, 5300] None
0 1 0.8972576260566711 50621 [5110, 5310] None
0 1 0.7881425619125366 50621 [5120, 5320] None
0 1 0.8236420154571533 50621 [5130, 5330] None
0 1 0.8912994861602783 50621 [5140, 5340] None
0 1 0.6042540073394775 01212 [20, 220] None
0 1 0.594556987285614 01212 [580, 780] None
0 1 0.701280951499939 01212 [630, 830] None
0 1 0.8267326354980469 01212 [640, 840] None
0 1 0.8567582368850708 01212 [650, 850] None
0 1 0.7155887484550476 01212 [1740, 1940] None
0 1 0.588352382183075 01212 [1750, 1950] None
0 1 0.8009445071220398 01212 [1770, 1970] None
0 1 0.5805352926254272 01212 [1780, 1980] None
0 1 0.8223980069160461 01212 [1800, 2000] None
0 1 0.6053542494773865 01212 [1810, 2010] None
0 1 0.8249451518058777 01212 [1830, 2030] None
0 1 0.6121315360069275 01212 [1840, 2040] None
0 1 0.8536005020141602 01212 [1860, 2060] None
0 1 0.6114237904548645 01212 [1870, 2070] None
0 1 0.8015887141227722 01212 [1890, 2090] None
0 1 0.7662205100059509 01212 [2560, 2760] None
0 1 0.841709554195404 01212 [2570, 2770] None
0 1 0.6690404415130615 01212 [2580, 2780] None
0 1 0.6986874938011169 01212 [2590, 2790] None
0 1 0.8528015613555908 01212 [2600, 2800] None
0 1 0.8644041419029236 01212 [2610, 2810] None
0 1 0.7407780289649963 01212 [2620, 2820] None
0 1 0.8505786061286926 01212 [2630, 2830] None
0 1 0.8591898083686829 01212 [2640, 2840] None
0 1 0.6670535802841187 01212 [2650, 2850] None
0 1 0.8343483209609985 01212 [2660, 2860] None
0 1 0.8308508992195129 01212 [2670, 2870] None
0 1 0.6256844401359558 01212 [2680, 2880] None
0 1 0.807474672794342 01212 [2690, 2890] None
0 1 0.7926037907600403 01212 [2700, 2900] None
0 1 0.599654495716095 01212 [2710, 2910] None
0 1 0.8001845479011536 01212 [2960, 3160] None
0 1 0.5126888751983643 01212 [2970, 3170] None
0 1 0.8145175576210022 01212 [2980, 3180] None
0 1 0.5861984491348267 01212 [3000, 3200] None
0 1 0.7781830430030823 01212 [3010, 3210] None
0 1 0.5726949572563171 01212 [3030, 3230] None
0 1 0.7926874756813049 01212 [3040, 3240] None
0 1 0.9321166276931763 01212 [3070, 3270] None
0 1 0.8613110184669495 01212 [3080, 3280] None
0 1 0.9082449674606323 01212 [3090, 3290] None
0 1 0.965247631072998 01212 [3100, 3300] None
0 1 0.9230902194976807 01212 [3110, 3310] None
0 1 0.9518364667892456 01212 [3120, 3320] None
0 1 0.9743940234184265 01212 [3130, 3330] None
0 1 0.9084423184394836 01212 [3140, 3340] None
0 1 0.9578566551208496 01212 [3150, 3350] None
0 1 0.974782407283783 01212 [3160, 3360] None
0 1 0.9169090390205383 01212 [3170, 3370] None
0 1 0.9704950451850891 01212 [3180, 3380] None
0 1 0.977196216583252 01212 [3190, 3390] None
0 1 0.9343307018280029 01212 [3200, 3400] None
0 1 0.9710679054260254 01212 [3210, 3410] None
0 1 0.9774864912033081 01212 [3220, 3420] None
0 1 0.9450467228889465 01212 [3230, 3430] None
0 1 0.9800808429718018 01212 [3240, 3440] None
0 1 0.9488077759742737 01212 [3250, 3450] None
0 1 0.5132577419281006 01212 [3270, 3470] None
0 1 0.768485426902771 01212 [3280, 3480] None
0 1 0.7192676663398743 01212 [3290, 3490] None
0 1 0.6020303964614868 01212 [3300, 3500] None
0 1 0.7557289600372314 01212 [3310, 3510] None
0 1 0.8165913820266724 01212 [3320, 3520] None
0 1 0.7350103259086609 01212 [3330, 3530] None
0 1 0.7624146938323975 01212 [3340, 3540] None
0 1 0.7976287603378296 01212 [3350, 3550] None
0 1 0.7369628548622131 01212 [3360, 3560] None
0 1 0.8091898560523987 01212 [3370, 3570] None
0 1 0.8134108185768127 01212 [3380, 3580] None
0 1 0.7361841797828674 01212 [3390, 3590] None
0 1 0.8163852095603943 01212 [3400, 3600] None
0 1 0.8486582040786743 01212 [3410, 3610] None
0 1 0.8070914149284363 01212 [3420, 3620] None
0 1 0.7261173129081726 01212 [3430, 3630] None
0 1 0.7863814234733582 01212 [4160, 4360] None
0 1 0.8976266384124756 01212 [4170, 4370] None
0 1 0.909521222114563 01212 [4180, 4380] None
0 1 0.9484915137290955 01212 [4190, 4390] None
0 1 0.9575885534286499 01212 [4200, 4400] None
0 1 0.9510217308998108 01212 [4210, 4410] None
0 1 0.9727339744567871 01212 [4220, 4420] None
0 1 0.9704161286354065 01212 [4230, 4430] None
0 1 0.9747183322906494 01212 [4240, 4440] None
0 1 0.9864915013313293 01212 [4250, 4450] None
0 1 0.986061692237854 01212 [4260, 4460] None
0 1 0.9469484090805054 01212 [4270, 4470] None
0 1 0.980668306350708 01212 [4280, 4480] None
0 1 0.9827035665512085 01212 [4290, 4490] None
0 1 0.9711270332336426 01212 [4300, 4500] None
0 1 0.9868224859237671 01212 [4310, 4510] None
0 1 0.9826512932777405 01212 [4320, 4520] None
0 1 0.9746916890144348 01212 [4330, 4530] None
0 1 0.9872812628746033 01212 [4340, 4540] None
0 1 0.9926128387451172 01212 [4350, 4550] None
0 1 0.6036821603775024 40313 [4630, 4830] None
0 1 0.6764907836914062 40313 [4660, 4860] None
0 1 0.6315819025039673 40313 [4670, 4870] None
0 1 0.8073146343231201 40313 [4690, 4890] None
0 1 0.9358727335929871 40313 [4700, 4900] None
0 1 0.9069956541061401 40313 [4710, 4910] None
0 1 0.9110080599784851 40313 [4720, 4920] None
0 1 0.8683552742004395 40313 [4730, 4930] None
0 1 0.9075385928153992 40313 [4740, 4940] None
0 1 0.9111136794090271 40313 [4750, 4950] None
0 1 0.8647626638412476 40313 [4760, 4960] None
0 1 0.8934821486473083 40313 [4770, 4970] None
0 1 0.8800457715988159 40313 [4780, 4980] None
0 1 0.8130977153778076 40313 [4790, 4990] None
0 1 0.87188321352005 40313 [4800, 5000] None
0 1 0.8756166696548462 40313 [4810, 5010] None
0 1 0.8120294213294983 40313 [4820, 5020] None
0 1 0.8624719977378845 40313 [4830, 5030] None
0 1 0.8654986619949341 40313 [4840, 5040] None
0 1 0.7985787987709045 40313 [4850, 5050] None
0 1 0.8191845417022705 40313 [4860, 5060] None
0 1 0.6179998517036438 40313 [4870, 5070] None
0 1 0.7663766145706177 47505 [510, 710] None
0 1 0.7468382120132446 47505 [520, 720] None
0 1 0.8847463130950928 47505 [540, 740] None
0 1 0.8437516689300537 47505 [550, 750] None
0 1 0.5777464509010315 47505 [560, 760] None
0 1 0.8787885308265686 47505 [570, 770] None
0 1 0.8618673086166382 47505 [580, 780] None
0 1 0.5754872560501099 47505 [590, 790] None
0 1 0.9292699098587036 47505 [600, 800] None
0 1 0.9001622200012207 47505 [610, 810] None
0 1 0.7702924609184265 47505 [620, 820] None
0 1 0.9326652884483337 47505 [630, 830] None
0 1 0.905322790145874 47505 [640, 840] None
0 1 0.8238083124160767 47505 [650, 850] None
0 1 0.9315565228462219 47505 [660, 860] None
0 1 0.5452340245246887 47505 [1300, 1500] None
0 1 0.8172798156738281 47505 [1330, 1530] None
0 1 0.7731755375862122 47505 [1340, 1540] None
0 1 0.8923959732055664 47505 [1350, 1550] None
0 1 0.825560450553894 47505 [1360, 1560] None
0 1 0.853863537311554 47505 [1370, 1570] None
0 1 0.9366270303726196 47505 [1380, 1580] None
0 1 0.9158858060836792 47505 [1390, 1590] None
0 1 0.9025561809539795 47505 [1400, 1600] None
0 1 0.9472647309303284 47505 [1410, 1610] None
0 1 0.9160358309745789 47505 [1420, 1620] None
0 1 0.9008466005325317 47505 [1430, 1630] None
0 1 0.9503068923950195 47505 [1440, 1640] None
0 1 0.9250354170799255 47505 [1450, 1650] None
0 1 0.8973873257637024 47505 [1460, 1660] None
0 1 0.947695255279541 47505 [1470, 1670] None
0 1 0.9061959385871887 47505 [1480, 1680] None
0 1 0.8747032284736633 47505 [1490, 1690] None
0 1 0.917834997177124 47505 [1500, 1700] None
0 1 0.918113648891449 47505 [1910, 2110] None
0 1 0.9326545000076294 47505 [1920, 2120] None
0 1 0.8614538311958313 47505 [1930, 2130] None
0 1 0.9735918045043945 47505 [1940, 2140] None
0 1 0.9772204756736755 47505 [1950, 2150] None
0 1 0.935077965259552 47505 [1960, 2160] None
0 1 0.9808623194694519 47505 [1970, 2170] None
0 1 0.9780300855636597 47505 [1980, 2180] None
0 1 0.9318231344223022 47505 [1990, 2190] None
0 1 0.9797416925430298 47505 [2000, 2200] None
0 1 0.9770411849021912 47505 [2010, 2210] None
0 1 0.9310470223426819 47505 [2020, 2220] None
0 1 0.9796866178512573 47505 [2030, 2230] None
0 1 0.9760854244232178 47505 [2040, 2240] None
0 1 0.9485810995101929 47505 [2050, 2250] None
0 1 0.9764154553413391 47505 [2060, 2260] None
0 1 0.9760649800300598 47505 [2070, 2270] None
0 1 0.9438714981079102 47505 [2080, 2280] None
0 1 0.7549910545349121 47505 [2620, 2820] None
0 1 0.8545218706130981 47505 [2630, 2830] None
0 1 0.7164774537086487 47505 [2640, 2840] None
0 1 0.8842766284942627 47505 [2650, 2850] None
0 1 0.7876545786857605 47505 [2660, 2860] None
0 1 0.7881717681884766 47505 [2670, 2870] None
0 1 0.8906725645065308 47505 [2680, 2880] None
0 1 0.7933456301689148 47505 [2690, 2890] None
0 1 0.7950604557991028 47505 [2700, 2900] None
0 1 0.8959476947784424 47505 [2710, 2910] None
0 1 0.7370750308036804 47505 [2720, 2920] None
0 1 0.7247766852378845 47505 [2730, 2930] None
0 1 0.9089956283569336 47505 [2740, 2940] None
0 1 0.7654458284378052 47505 [2750, 2950] None
0 1 0.7812885046005249 47505 [2760, 2960] None
0 1 0.9300745129585266 47505 [2770, 2970] None
0 1 0.8698936700820923 47505 [2780, 2980] None
0 1 0.9277607798576355 47505 [2790, 2990] None
0 1 0.7484464645385742 47505 [3560, 3760] None
0 1 0.7859823703765869 47505 [3570, 3770] None
0 1 0.8516094088554382 47505 [3580, 3780] None
0 1 0.8460126519203186 47505 [3590, 3790] None
0 1 0.7843465805053711 47505 [3600, 3800] None
0 1 0.7916938662528992 47505 [3610, 3810] None
0 1 0.8484581112861633 47505 [3620, 3820] None
0 1 0.7812895774841309 47505 [3630, 3830] None
0 1 0.7987488508224487 47505 [3640, 3840] None
0 1 0.8336802124977112 47505 [3650, 3850] None
0 1 0.8226153254508972 47505 [3660, 3860] None
0 1 0.8060877919197083 47505 [3670, 3870] None
0 1 0.8691225051879883 47505 [3680, 3880] None
0 1 0.9202550649642944 47505 [3690, 3890] None
0 1 0.8146358728408813 47505 [3700, 3900] None
0 1 0.9241123795509338 47505 [3710, 3910] None
0 1 0.9440993666648865 47505 [3720, 3920] None
0 1 0.9776167869567871 47505 [3730, 3930] None
0 1 0.9129428267478943 47505 [3740, 3940] None
0 1 0.9582149982452393 47505 [5090, 5290] None
0 1 0.9720326662063599 47505 [5100, 5300] None
0 1 0.9117011427879333 47505 [5110, 5310] None
0 1 0.8499943614006042 47505 [5120, 5320] None
0 1 0.9714217782020569 47505 [5130, 5330] None
0 1 0.8974030613899231 47505 [5140, 5340] None
0 1 0.8586079478263855 47505 [5150, 5350] None
0 1 0.9751649498939514 47505 [5160, 5360] None
0 1 0.8957237601280212 47505 [5170, 5370] None
0 1 0.8241851329803467 47505 [5180, 5380] None
0 1 0.975857675075531 47505 [5190, 5390] None
0 1 0.8946660161018372 47505 [5200, 5400] None
0 1 0.8426269888877869 47505 [5210, 5410] None
0 1 0.9776265621185303 47505 [5220, 5420] None
0 1 0.8333986401557922 47505 [5230, 5430] None
0 1 0.7143477201461792 47505 [5240, 5440] None
0 1 0.9708632230758667 47505 [5250, 5450] None
0 1 0.9171197414398193 47505 [5260, 5460] None
0 1 0.7907651662826538 47505 [5270, 5470] None
0 1 0.5580661296844482 47505 [5330, 5530] None
0 1 0.5547952055931091 47505 [5360, 5560] None
0 1 0.5249243974685669 50406 [2030, 2230] None
0 1 0.5532523989677429 50406 [2060, 2260] None
0 1 0.5573928952217102 50406 [2070, 2270] None
0 1 0.616060197353363 50406 [2090, 2290] None
0 1 0.5909092426300049 50406 [2100, 2300] None
0 1 0.5074529051780701 50406 [2120, 2320] None
0 1 0.5278874039649963 50406 [2130, 2330] None
0 1 0.6477810740470886 10205 [30, 230] None
0 1 0.5626505613327026 10205 [390, 590] None
0 1 0.5411425828933716 10205 [1910, 2110] None
0 1 0.6976627707481384 10205 [1920, 2120] None
0 1 0.651050865650177 10205 [1930, 2130] None
0 1 0.6917557716369629 10205 [1940, 2140] None
0 1 0.7837033867835999 10205 [1950, 2150] None
0 1 0.6211649775505066 10205 [1960, 2160] None
0 1 0.6781952381134033 10205 [1970, 2170] None
0 1 0.7751091718673706 10205 [1980, 2180] None
0 1 0.6077404022216797 10205 [1990, 2190] None
0 1 0.6780771017074585 10205 [2000, 2200] None
0 1 0.7781609892845154 10205 [2010, 2210] None
0 1 0.628332793712616 10205 [2020, 2220] None
0 1 0.708385169506073 10205 [2030, 2230] None
0 1 0.7911862730979919 10205 [2040, 2240] None
0 1 0.596946656703949 10205 [2050, 2250] None
0 1 0.6624190211296082 10205 [2060, 2260] None
0 1 0.7062125205993652 10205 [2070, 2270] None
0 1 0.6500372290611267 10205 [2080, 2280] None
0 1 0.8207146525382996 10205 [2090, 2290] None
0 1 0.9254491329193115 01208 [410, 610] None
0 1 0.9250133037567139 01208 [420, 620] None
0 1 0.9577959775924683 01208 [430, 630] None
0 1 0.9680300951004028 01208 [440, 640] None
0 1 0.9586106538772583 01208 [450, 650] None
0 1 0.9671045541763306 01208 [460, 660] None
0 1 0.9715505242347717 01208 [470, 670] None
0 1 0.9664446115493774 01208 [480, 680] None
0 1 0.969253420829773 01208 [490, 690] None
0 1 0.9736185669898987 01208 [500, 700] None
0 1 0.9666732549667358 01208 [510, 710] None
0 1 0.9763971567153931 01208 [520, 720] None
0 1 0.9876333475112915 01208 [530, 730] None
0 1 0.992496132850647 01208 [540, 740] None
0 1 0.9848242402076721 01208 [550, 750] None
0 1 0.9785868525505066 01208 [560, 760] None
0 1 0.5570173859596252 01208 [570, 770] None
0 1 0.9605380296707153 01208 [580, 780] None
0 1 0.9866093993186951 01208 [590, 790] None
0 1 0.9019072651863098 01208 [2590, 2790] None
0 1 0.8939725160598755 01208 [2600, 2800] None
0 1 0.9345224499702454 01208 [2610, 2810] None
0 1 0.947045087814331 01208 [2620, 2820] None
0 1 0.9507153034210205 01208 [2630, 2830] None
0 1 0.9035791158676147 01208 [2640, 2840] None
0 1 0.9407654404640198 01208 [2650, 2850] None
0 1 0.9516833424568176 01208 [2660, 2860] None
0 1 0.9048344492912292 01208 [2670, 2870] None
0 1 0.94675213098526 01208 [2680, 2880] None
0 1 0.9527578353881836 01208 [2690, 2890] None
0 1 0.9091785550117493 01208 [2700, 2900] None
0 1 0.9447072148323059 01208 [2710, 2910] None
0 1 0.9510554671287537 01208 [2720, 2920] None
0 1 0.9184368252754211 01208 [2730, 2930] None
0 1 0.9595677256584167 01208 [2740, 2940] None
0 1 0.9693256616592407 01208 [2750, 2950] None
0 1 0.9251595735549927 01208 [2760, 2960] None
0 1 0.9305821657180786 01208 [2770, 2970] None
0 1 0.9607716798782349 48610 [1170, 1370] None
0 1 0.8837652802467346 48610 [1180, 1380] None
0 1 0.6642826795578003 48610 [2570, 2770] None
0 1 0.7504693865776062 48610 [2600, 2800] None
0 1 0.7608007192611694 48610 [2630, 2830] None
0 1 0.5135518312454224 48610 [2650, 2850] None
0 1 0.857279896736145 48610 [2660, 2860] None
0 1 0.5054436922073364 48610 [2670, 2870] None
0 1 0.63935786485672 48610 [2680, 2880] None
0 1 0.830219566822052 48610 [2690, 2890] None
0 1 0.5084070563316345 48610 [3790, 3990] None
0 1 0.549517810344696 48610 [4390, 4590] None
0 1 0.7535691261291504 48630 [3110, 3310] None
0 1 0.9890047907829285 50423 [1240, 1440] None
0 1 0.9905940294265747 50423 [1250, 1450] None
0 1 0.9897902607917786 50423 [1260, 1460] None
0 1 0.991025984287262 50423 [1270, 1470] None
0 1 0.9912516474723816 50423 [1280, 1480] None
0 1 0.9898597598075867 50423 [1290, 1490] None
0 1 0.9911438226699829 50423 [1300, 1500] None
0 1 0.9910327792167664 50423 [1310, 1510] None
0 1 0.9901753067970276 50423 [1320, 1520] None
0 1 0.9919264316558838 50423 [1330, 1530] None
0 1 0.9916306138038635 50423 [1340, 1540] None
0 1 0.9898840188980103 50423 [1350, 1550] None
0 1 0.990416407585144 50423 [1360, 1560] None
0 1 0.9894378185272217 50423 [1370, 1570] None
0 1 0.9865076541900635 50423 [1380, 1580] None
0 1 0.8890892863273621 50423 [1830, 2030] None
0 1 0.7426965236663818 50423 [1840, 2040] None
0 1 0.8155212998390198 50423 [1850, 2050] None
0 1 0.9190662503242493 50423 [1860, 2060] None
0 1 0.9089124798774719 50423 [1870, 2070] None
0 1 0.9076464176177979 50423 [1880, 2080] None
0 1 0.8952828645706177 50423 [1890, 2090] None
0 1 0.5352314114570618 50423 [1900, 2100] None
0 1 0.7626727819442749 50423 [1910, 2110] None
0 1 0.886643648147583 50423 [1920, 2120] None
0 1 0.8833659887313843 50423 [1930, 2130] None
0 1 0.9035632610321045 50423 [1940, 2140] None
0 1 0.8188894987106323 50423 [1950, 2150] None
0 1 0.5639558434486389 50423 [3110, 3310] None
0 1 0.5007979273796082 50423 [3130, 3330] None
0 1 0.5042638182640076 50423 [3140, 3340] None
0 1 0.5664896368980408 50423 [3160, 3360] None
0 1 0.6973102688789368 50423 [3170, 3370] None
0 1 0.6578588485717773 50423 [3190, 3390] None
0 1 0.7141456604003906 50423 [3200, 3400] None
0 1 0.5272397994995117 50423 [3220, 3420] None
0 1 0.6194356083869934 50423 [3230, 3430] None
0 1 0.511426568031311 50423 [3250, 3450] None
0 1 0.7857629656791687 50423 [3260, 3460] None
0 1 0.8898770213127136 50423 [3270, 3470] None
0 1 0.9607093930244446 50423 [4550, 4750] None
0 1 0.9851313233375549 50423 [4560, 4760] None
0 1 0.9856281280517578 50423 [4570, 4770] None
0 1 0.9840825796127319 50423 [4580, 4780] None
0 1 0.9889466166496277 50423 [4590, 4790] None
0 1 0.9870529770851135 50423 [4600, 4800] None
0 1 0.9878503680229187 50423 [4610, 4810] None
0 1 0.991998016834259 50423 [4620, 4820] None
0 1 0.991828203201294 50423 [4630, 4830] None
0 1 0.9910616874694824 50423 [4640, 4840] None
0 1 0.9926585555076599 50423 [4650, 4850] None
0 1 0.9924919009208679 50423 [4660, 4860] None
0 1 0.9922601580619812 50423 [4670, 4870] None
0 1 0.992868959903717 50423 [4680, 4880] None
0 1 0.992110550403595 50423 [4690, 4890] None
0 1 0.9913456439971924 50423 [4700, 4900] None
0 1 0.9924605488777161 50423 [4710, 4910] None
0 1 0.9890202879905701 50423 [4720, 4920] None
0 1 0.9834975004196167 50423 [4730, 4930] None
0 1 0.6803898215293884 35503 [2530, 2730] None
0 1 0.8782476782798767 35503 [3600, 3800] None
0 1 0.8899824619293213 35503 [3610, 3810] None
0 1 0.9232724905014038 35503 [3620, 3820] None
0 1 0.9186922311782837 35503 [3630, 3830] None
0 1 0.9253919720649719 35503 [3640, 3840] None
0 1 0.9453714489936829 35503 [3650, 3850] None
0 1 0.9401718378067017 35503 [3660, 3860] None
0 1 0.8584901690483093 35503 [3670, 3870] None
0 1 0.9068845510482788 35503 [3680, 3880] None
0 1 0.9169653654098511 35503 [3690, 3890] None
0 1 0.8364434242248535 35503 [3700, 3900] None
0 1 0.5481476783752441 35503 [4770, 4970] None
0 1 0.5634328722953796 35503 [4780, 4980] None
0 1 0.61383455991745 35503 [4790, 4990] None
0 1 0.5796568393707275 35503 [4800, 5000] None
0 1 0.8448331952095032 34102 [1100, 1300] None
0 1 0.8724755644798279 34102 [1130, 1330] None
0 1 0.9823637008666992 34102 [1160, 1360] None
0 1 0.589177668094635 06508 [300, 500] None
0 1 0.5000597834587097 06508 [310, 510] None
0 1 0.6865778565406799 06508 [320, 520] None
0 1 0.6556909084320068 06508 [330, 530] None
0 1 0.6772446036338806 06508 [340, 540] None
0 1 0.6546648144721985 06508 [360, 560] None
0 1 0.6303818821907043 06508 [370, 570] None
0 1 0.6128153800964355 06508 [390, 590] None
0 1 0.8131077289581299 06508 [400, 600] None
0 1 0.7661644220352173 06508 [410, 610] None
0 1 0.7817075848579407 06508 [420, 620] None
0 1 0.8801140189170837 06508 [430, 630] None
0 1 0.8936231732368469 06508 [440, 640] None
0 1 0.881855309009552 06508 [450, 650] None
0 1 0.6904525756835938 06508 [1240, 1440] None
0 1 0.7222890853881836 06508 [1270, 1470] None
0 1 0.6152028441429138 06508 [1300, 1500] None
0 1 0.6663089394569397 06508 [1850, 2050] None
0 1 0.9521505236625671 06508 [1860, 2060] None
0 1 0.9407801032066345 06508 [1870, 2070] None
0 1 0.8298049569129944 06508 [1880, 2080] None
0 1 0.9674273729324341 06508 [1890, 2090] None
0 1 0.9612403512001038 06508 [1900, 2100] None
0 1 0.8372588157653809 06508 [1910, 2110] None
0 1 0.970613420009613 06508 [1920, 2120] None
0 1 0.8836604356765747 06508 [1930, 2130] None
0 1 0.5282240509986877 06508 [2070, 2270] None
0 1 0.8878783583641052 06508 [3560, 3760] None
0 1 0.9730964303016663 06508 [3570, 3770] None
0 1 0.9877411723136902 06508 [3580, 3780] None
0 1 0.989449679851532 06508 [3590, 3790] None
0 1 0.9899508357048035 06508 [3600, 3800] None
0 1 0.9888879656791687 06508 [3610, 3810] None
0 1 0.9901018142700195 06508 [3620, 3820] None
0 1 0.9904956817626953 06508 [3630, 3830] None
0 1 0.9892969727516174 06508 [3640, 3840] None
0 1 0.9890905022621155 06508 [3650, 3850] None
0 1 0.9898568391799927 06508 [3660, 3860] None
0 1 0.9909319877624512 06508 [3670, 3870] None
0 1 0.9910200238227844 06508 [3680, 3880] None
0 1 0.9913442134857178 06508 [3690, 3890] None
0 1 0.9909453392028809 06508 [3700, 3900] None
0 1 0.9910416007041931 06508 [3710, 3910] None
0 1 0.9934138655662537 06508 [3720, 3920] None
0 1 0.9918277263641357 06508 [3730, 3930] None
0 1 0.9743266105651855 06508 [3740, 3940] None
0 1 0.6024011969566345 06508 [3830, 4030] None
0 1 0.6625140309333801 06508 [3850, 4050] None
0 1 0.633918285369873 06508 [3860, 4060] None
0 1 0.5522149801254272 06508 [3940, 4140] None
0 1 0.708047091960907 06508 [4210, 4410] None
0 1 0.9195647239685059 06508 [4220, 4420] None
0 1 0.9049471020698547 06508 [4230, 4430] None
0 1 0.9146131873130798 06508 [4240, 4440] None
0 1 0.9259976148605347 06508 [4250, 4450] None
0 1 0.9089512228965759 06508 [4260, 4460] None
0 1 0.9340951442718506 06508 [4270, 4470] None
0 1 0.9343830347061157 06508 [4280, 4480] None
0 1 0.9277415871620178 06508 [4290, 4490] None
0 1 0.9203323721885681 06508 [4300, 4500] None
0 1 0.9154328107833862 06508 [4310, 4510] None
0 1 0.8927665948867798 06508 [4320, 4520] None
0 1 0.860332190990448 06508 [4330, 4530] None
0 1 0.8635054230690002 06508 [4340, 4540] None
0 1 0.843527615070343 06508 [4350, 4550] None
0 1 0.9496582746505737 06508 [4360, 4560] None
0 1 0.9392382502555847 06508 [4370, 4570] None
0 1 0.9672611355781555 06508 [4380, 4580] None
0 1 0.9527303576469421 06508 [4390, 4590] None
0 1 0.5695089101791382 06508 [4400, 4600] None
0 1 0.8921129703521729 06508 [4600, 4800] None
0 1 0.8632593750953674 06508 [4610, 4810] None
0 1 0.9673001766204834 06508 [4620, 4820] None
0 1 0.9711887836456299 06508 [4630, 4830] None
0 1 0.9807689189910889 06508 [4640, 4840] None
0 1 0.9724760055541992 06508 [4650, 4850] None
0 1 0.9814009666442871 06508 [4660, 4860] None
0 1 0.9842941164970398 06508 [4670, 4870] None
0 1 0.9796094298362732 06508 [4680, 4880] None
0 1 0.9840296506881714 06508 [4690, 4890] None
0 1 0.9870654344558716 06508 [4700, 4900] None
0 1 0.9826090335845947 06508 [4710, 4910] None
0 1 0.9852935671806335 06508 [4720, 4920] None
0 1 0.989685595035553 06508 [4730, 4930] None
0 1 0.9882748126983643 06508 [4740, 4940] None
0 1 0.9875317215919495 06508 [4750, 4950] None
0 1 0.9884020686149597 06508 [4760, 4960] None
0 1 0.983036458492279 06508 [4770, 4970] None
0 1 0.9574325084686279 06508 [4780, 4980] None
0 1 0.5156776309013367 06508 [5220, 5420] None
0 1 0.7101969122886658 06508 [5310, 5510] None
0 1 0.7844414114952087 06508 [5350, 5550] None
0 1 0.8027250170707703 06508 [5480, 5680] None
0 1 0.7022994160652161 06508 [5490, 5690] None
0 1 0.7263111472129822 50228 [1550, 1750] None
0 1 0.7507955431938171 50228 [1560, 1760] None
0 1 0.8472071290016174 50228 [1580, 1780] None
0 1 0.7957978844642639 50228 [1590, 1790] None
0 1 0.8568124771118164 50228 [1610, 1810] None
0 1 0.802183985710144 50228 [1620, 1820] None
0 1 0.8551934361457825 50228 [1640, 1840] None
0 1 0.8051173686981201 50228 [1650, 1850] None
0 1 0.8545303344726562 50228 [1670, 1870] None
0 1 0.8227077722549438 50228 [1680, 1880] None
0 1 0.537605345249176 50228 [1690, 1890] None
0 1 0.8715350031852722 50228 [1700, 1900] None
0 1 0.8128764033317566 50228 [1710, 1910] None
0 1 0.9899984002113342 49613 [1800, 2000] None
0 1 0.9918619394302368 49613 [1810, 2010] None
0 1 0.992395281791687 49613 [1820, 2020] None
0 1 0.9951890707015991 49613 [1830, 2030] None
0 1 0.9951261281967163 49613 [1840, 2040] None
0 1 0.9942129254341125 49613 [1850, 2050] None
0 1 0.9953045845031738 49613 [1860, 2060] None
0 1 0.9951695799827576 49613 [1870, 2070] None
0 1 0.9942699670791626 49613 [1880, 2080] None
0 1 0.9953919649124146 49613 [1890, 2090] None
0 1 0.9952306151390076 49613 [1900, 2100] None
0 1 0.9942982792854309 49613 [1910, 2110] None
0 1 0.9954915642738342 49613 [1920, 2120] None
0 1 0.9953011274337769 49613 [1930, 2130] None
0 1 0.9943519830703735 49613 [1940, 2140] None
0 1 0.9953569769859314 49613 [1950, 2150] None
0 1 0.9950335025787354 49613 [1960, 2160] None
0 1 0.9921323657035828 49613 [1970, 2170] None
0 1 0.9878309369087219 49613 [1980, 2180] None
0 1 0.701798677444458 49613 [4230, 4430] None
0 1 0.7953044176101685 49613 [5200, 5400] None
0 1 0.8128767609596252 49613 [5210, 5410] None
0 1 0.8095659017562866 49613 [5220, 5420] None
0 1 0.8783305883407593 49613 [5230, 5430] None
0 1 0.8737010359764099 49613 [5240, 5440] None
0 1 0.9006454348564148 49613 [5250, 5450] None
0 1 0.9219164252281189 49613 [5260, 5460] None
0 1 0.9092949628829956 49613 [5270, 5470] None
0 1 0.8985459804534912 49613 [5280, 5480] None
0 1 0.9499886631965637 50215 [420, 620] None
0 1 0.9668224453926086 50215 [430, 630] None
0 1 0.9632925987243652 50215 [440, 640] None
0 1 0.9756584763526917 50215 [450, 650] None
0 1 0.9744992852210999 50215 [460, 660] None
0 1 0.9734787940979004 50215 [470, 670] None
0 1 0.9811295866966248 50215 [480, 680] None
0 1 0.9810514450073242 50215 [490, 690] None
0 1 0.976612389087677 50215 [500, 700] None
0 1 0.9833104610443115 50215 [510, 710] None
0 1 0.9811115860939026 50215 [520, 720] None
0 1 0.9745543599128723 50215 [530, 730] None
0 1 0.9810683131217957 50215 [540, 740] None
0 1 0.9798005819320679 50215 [550, 750] None
0 1 0.9744333028793335 50215 [560, 760] None
0 1 0.9791166186332703 50215 [570, 770] None
0 1 0.9775773882865906 50215 [580, 780] None
0 1 0.971233606338501 50215 [590, 790] None
0 1 0.8547239899635315 50215 [600, 800] None
0 1 0.9855964779853821 50215 [3140, 3340] None
0 1 0.9924607872962952 50215 [3150, 3350] None
0 1 0.9930007457733154 50215 [3160, 3360] None
0 1 0.9946203231811523 50215 [3170, 3370] None
0 1 0.9954452514648438 50215 [3180, 3380] None
0 1 0.9946529865264893 50215 [3190, 3390] None
0 1 0.9947589039802551 50215 [3200, 3400] None
0 1 0.9954753518104553 50215 [3210, 3410] None
0 1 0.9946080446243286 50215 [3220, 3420] None
0 1 0.9946533441543579 50215 [3230, 3430] None
0 1 0.9954357743263245 50215 [3240, 3440] None
0 1 0.9946377873420715 50215 [3250, 3450] None
0 1 0.9946808218955994 50215 [3260, 3460] None
0 1 0.9954584836959839 50215 [3270, 3470] None
0 1 0.9943760633468628 50215 [3280, 3480] None
0 1 0.9944777488708496 50215 [3290, 3490] None
0 1 0.9952690005302429 50215 [3300, 3500] None
0 1 0.9935157299041748 50215 [3310, 3510] None
0 1 0.992172360420227 50215 [3320, 3520] None
0 1 0.9824589490890503 50215 [3330, 3530] None
0 1 0.8913605213165283 50215 [3340, 3540] None
0 1 0.9287189245223999 50215 [3700, 3900] None
0 1 0.9831171035766602 50215 [3710, 3910] None
0 1 0.9870030283927917 50215 [3720, 3920] None
0 1 0.986642599105835 50215 [3730, 3930] None
0 1 0.9856669306755066 50215 [3740, 3940] None
0 1 0.9890186786651611 50215 [3750, 3950] None
0 1 0.9892088770866394 50215 [3760, 3960] None
0 1 0.9870642423629761 50215 [3770, 3970] None
0 1 0.9895713329315186 50215 [3780, 3980] None
0 1 0.9888558983802795 50215 [3790, 3990] None
0 1 0.9866464138031006 50215 [3800, 4000] None
0 1 0.9896072745323181 50215 [3810, 4010] None
0 1 0.9889182448387146 50215 [3820, 4020] None
0 1 0.9867556095123291 50215 [3830, 4030] None
0 1 0.9897738099098206 50215 [3840, 4040] None
0 1 0.9889218807220459 50215 [3850, 4050] None
0 1 0.9865332841873169 50215 [3860, 4060] None
0 1 0.9867520332336426 50215 [3870, 4070] None
0 1 0.9858459830284119 50215 [3880, 4080] None
0 1 0.8402627110481262 50215 [3890, 4090] None
0 1 0.6849251985549927 50208 [110, 310] None
0 1 0.5176470279693604 50208 [120, 320] None
0 1 0.8497165441513062 50208 [130, 330] None
0 1 0.7579725980758667 50208 [140, 340] None
0 1 0.6334216594696045 50208 [150, 350] None
0 1 0.8573582768440247 50208 [160, 360] None
0 1 0.8254810571670532 50208 [190, 390] None
0 1 0.7224040627479553 50208 [220, 420] None
0 1 0.5843609571456909 50208 [250, 450] None
0 1 0.6544901132583618 50208 [270, 470] None
0 1 0.9365943074226379 50208 [280, 480] None
0 1 0.6140956282615662 50208 [3830, 4030] None
0 1 0.9553999900817871 10107 [0, 200] None
0 1 0.9551243782043457 10107 [10, 210] None
0 1 0.9555537104606628 10107 [20, 220] None
0 1 0.9750624895095825 10107 [30, 230] None
0 1 0.9642514586448669 10107 [40, 240] None
0 1 0.9721155762672424 10107 [50, 250] None
0 1 0.9818523526191711 10107 [60, 260] None
0 1 0.9697365164756775 10107 [70, 270] None
0 1 0.9746320247650146 10107 [80, 280] None
0 1 0.981438398361206 10107 [90, 290] None
0 1 0.9719412326812744 10107 [100, 300] None
0 1 0.9742229580879211 10107 [110, 310] None
0 1 0.9801648855209351 10107 [120, 320] None
0 1 0.9537083506584167 10107 [130, 330] None
0 1 0.9436880350112915 10107 [3760, 3960] None
0 1 0.9691856503486633 10107 [3770, 3970] None
0 1 0.9745104312896729 10107 [3780, 3980] None
0 1 0.9793456792831421 10107 [3790, 3990] None
0 1 0.9862017035484314 10107 [3800, 4000] None
0 1 0.9857586622238159 10107 [3810, 4010] None
0 1 0.9856705069541931 10107 [3820, 4020] None
0 1 0.9834079146385193 10107 [3830, 4030] None
0 1 0.9828837513923645 10107 [3840, 4040] None
0 1 0.9859220385551453 10107 [3850, 4050] None
0 1 0.9834127426147461 10107 [3860, 4060] None
0 1 0.982707679271698 10107 [3870, 4070] None
0 1 0.9858871102333069 10107 [3880, 4080] None
0 1 0.9808829426765442 10107 [3890, 4090] None
0 1 0.9818691611289978 10107 [3900, 4100] None
0 1 0.9849075078964233 10107 [3910, 4110] None
0 1 0.9798058867454529 10107 [3920, 4120] None
0 1 0.981083333492279 10107 [3930, 4130] None
0 1 0.9831508994102478 10107 [3940, 4140] None
0 1 0.5690392851829529 10107 [4090, 4290] None
0 1 0.8947204351425171 10107 [4100, 4300] None
0 1 0.9086125493049622 10107 [4110, 4310] None
0 1 0.8428359627723694 10107 [4120, 4320] None
0 1 0.9117467403411865 10107 [4130, 4330] None
0 1 0.7515408992767334 10107 [4140, 4340] None
0 1 0.6700456142425537 10107 [4160, 4360] None
0 1 0.7976480722427368 10107 [4170, 4370] None
0 1 0.6791505217552185 10107 [4190, 4390] None
0 1 0.8130893707275391 10107 [4200, 4400] None
