true_label pred_label pred_prob file time_range filler
0 1 0.6958605647087097 47405 [760, 960] None
0 1 0.6877596378326416 47405 [770, 970] None
0 1 0.9425661563873291 47405 [780, 980] None
0 1 0.5749795436859131 47405 [5050, 5250] None
0 1 0.649781346321106 47405 [5070, 5270] None
0 1 0.5322122573852539 47405 [5080, 5280] None
0 1 0.6409252882003784 47306 [1880, 2080] None
0 1 0.5314410924911499 50520 [1470, 1670] None
0 1 0.5393592715263367 50520 [1500, 1700] None
0 1 0.5067392587661743 50520 [1510, 1710] None
0 1 0.5066615343093872 50520 [1520, 1720] None
0 1 0.7906231880187988 50520 [1890, 2090] None
0 1 0.8119167685508728 50520 [1900, 2100] None
0 1 0.8169125914573669 50520 [1910, 2110] None
0 1 0.7895430326461792 50520 [1920, 2120] None
0 1 0.8111549615859985 50520 [1930, 2130] None
0 1 0.8176730871200562 50520 [1940, 2140] None
0 1 0.789406955242157 50520 [1950, 2150] None
0 1 0.8105635643005371 50520 [1960, 2160] None
0 1 0.8210395574569702 50520 [1970, 2170] None
0 1 0.803581953048706 50520 [1980, 2180] None
0 1 0.8292675018310547 50520 [1990, 2190] None
0 1 0.8680141568183899 50520 [2730, 2930] None
0 1 0.9147989153862 50520 [2740, 2940] None
0 1 0.937246561050415 50520 [2750, 2950] None
0 1 0.903322696685791 50520 [2760, 2960] None
0 1 0.9073107838630676 50520 [2770, 2970] None
0 1 0.9365947246551514 50520 [2780, 2980] None
0 1 0.9147813320159912 50520 [2790, 2990] None
0 1 0.8995317220687866 50520 [2800, 3000] None
0 1 0.9343847036361694 50520 [2810, 3010] None
0 1 0.9119633436203003 50520 [2820, 3020] None
0 1 0.8703967332839966 50520 [2830, 3030] None
0 1 0.9132155179977417 50520 [2840, 3040] None
0 1 0.9087695479393005 50520 [2850, 3050] None
0 1 0.8381664752960205 50520 [2860, 3060] None
0 1 0.9206971526145935 50520 [2870, 3070] None
0 1 0.933986246585846 50520 [2880, 3080] None
0 1 0.919627845287323 50520 [2890, 3090] None
0 1 0.7912508249282837 50520 [2900, 3100] None
0 1 0.819951593875885 50520 [2910, 3110] None
0 1 0.5434674620628357 50520 [3660, 3860] None
0 1 0.5964710712432861 50520 [4490, 4690] None
0 1 0.5664499998092651 50520 [4500, 4700] None
0 1 0.5109596252441406 50520 [4510, 4710] None
0 1 0.5797126889228821 50520 [4520, 4720] None
0 1 0.5622345209121704 50520 [4530, 4730] None
0 1 0.5055311322212219 50520 [5140, 5340] None
0 1 0.9323433041572571 50520 [5150, 5350] None
0 1 0.8713245391845703 50520 [5160, 5360] None
0 1 0.884062647819519 50520 [5170, 5370] None
0 1 0.9162179231643677 50520 [5180, 5380] None
0 1 0.8644067645072937 50520 [5190, 5390] None
0 1 0.8757032155990601 50520 [5200, 5400] None
0 1 0.9114804267883301 50520 [5210, 5410] None
0 1 0.8558939695358276 50520 [5220, 5420] None
0 1 0.8691083788871765 50520 [5230, 5430] None
0 1 0.9128511548042297 50520 [5240, 5440] None
0 1 0.8603841662406921 50520 [5250, 5450] None
0 1 0.8738614916801453 50520 [5260, 5460] None
0 1 0.5902791619300842 50309 [920, 1120] None
0 1 0.9585313200950623 50309 [3150, 3350] None
0 1 0.9747920632362366 50309 [3160, 3360] None
0 1 0.9763651490211487 50309 [3170, 3370] None
0 1 0.9737136363983154 50309 [3180, 3380] None
0 1 0.9802550673484802 50309 [3190, 3390] None
0 1 0.9782246351242065 50309 [3200, 3400] None
0 1 0.9756426811218262 50309 [3210, 3410] None
0 1 0.9812158942222595 50309 [3220, 3420] None
0 1 0.9793807864189148 50309 [3230, 3430] None
0 1 0.9780935049057007 50309 [3240, 3440] None
0 1 0.9825038313865662 50309 [3250, 3450] None
0 1 0.9802623987197876 50309 [3260, 3460] None
0 1 0.978396475315094 50309 [3270, 3470] None
0 1 0.9823071956634521 50309 [3280, 3480] None
0 1 0.9802742600440979 50309 [3290, 3490] None
0 1 0.9787291288375854 50309 [3300, 3500] None
0 1 0.982781708240509 50309 [3310, 3510] None
0 1 0.9809150695800781 50309 [3320, 3520] None
0 1 0.9785479307174683 50309 [3330, 3530] None
0 1 0.6312667727470398 50309 [3340, 3540] None
0 1 0.547202467918396 50309 [3350, 3550] None
0 1 0.5209822654724121 50309 [4890, 5090] None
0 1 0.5567201375961304 50209 [50, 250] None
0 1 0.5430421233177185 50209 [60, 260] None
0 1 0.5019378066062927 50209 [70, 270] None
0 1 0.5334727168083191 50209 [80, 280] None
0 1 0.8631729483604431 50209 [730, 930] None
0 1 0.8960809707641602 50209 [740, 940] None
0 1 0.9030143618583679 50209 [750, 950] None
0 1 0.9071599841117859 50209 [760, 960] None
0 1 0.9072554111480713 50209 [770, 970] None
0 1 0.9069574475288391 50209 [780, 980] None
0 1 0.9116750955581665 50209 [790, 990] None
0 1 0.9096920490264893 50209 [800, 1000] None
0 1 0.9085648059844971 50209 [810, 1010] None
0 1 0.9128884077072144 50209 [820, 1020] None
0 1 0.9032336473464966 50209 [830, 1030] None
0 1 0.9040408134460449 50209 [840, 1040] None
0 1 0.9113501310348511 50209 [850, 1050] None
0 1 0.9042497873306274 50209 [860, 1060] None
0 1 0.9053235650062561 50209 [870, 1070] None
0 1 0.9088289737701416 50209 [880, 1080] None
0 1 0.909003734588623 50209 [890, 1090] None
0 1 0.9027280211448669 50209 [900, 1100] None
0 1 0.5418983697891235 50209 [910, 1110] None
0 1 0.967801570892334 50209 [3680, 3880] None
0 1 0.9659157991409302 50209 [3690, 3890] None
0 1 0.964465320110321 50209 [3700, 3900] None
0 1 0.9697076082229614 50209 [3710, 3910] None
0 1 0.9665219187736511 50209 [3720, 3920] None
0 1 0.9662960171699524 50209 [3730, 3930] None
0 1 0.9708945155143738 50209 [3740, 3940] None
0 1 0.9656630754470825 50209 [3750, 3950] None
0 1 0.9664083123207092 50209 [3760, 3960] None
0 1 0.9712158441543579 50209 [3770, 3970] None
0 1 0.9681317806243896 50209 [3780, 3980] None
0 1 0.9676176309585571 50209 [3790, 3990] None
0 1 0.9740062355995178 50209 [3800, 4000] None
0 1 0.5255454778671265 50209 [3810, 4010] None
0 1 0.6592174768447876 42319 [810, 1010] None
0 1 0.8842064142227173 42319 [820, 1020] None
0 1 0.9202313423156738 42319 [830, 1030] None
0 1 0.9222794771194458 42319 [840, 1040] None
0 1 0.9132516384124756 42319 [850, 1050] None
0 1 0.9137715101242065 42319 [860, 1060] None
0 1 0.9332464337348938 42319 [870, 1070] None
0 1 0.9113252758979797 42319 [880, 1080] None
0 1 0.93468177318573 42319 [890, 1090] None
0 1 0.9327508211135864 42319 [900, 1100] None
0 1 0.9157453179359436 42319 [910, 1110] None
0 1 0.9327582120895386 42319 [920, 1120] None
0 1 0.9333806037902832 42319 [930, 1130] None
0 1 0.623304545879364 42319 [4250, 4450] None
0 1 0.6517738103866577 24530 [3600, 3800] None
0 1 0.5963774919509888 24530 [3610, 3810] None
0 1 0.6573092937469482 24530 [3630, 3830] None
0 1 0.6024544835090637 24530 [3640, 3840] None
0 1 0.6519805788993835 24530 [3660, 3860] None
0 1 0.597987949848175 24530 [3670, 3870] None
0 1 0.6637903451919556 24530 [3690, 3890] None
0 1 0.6178604960441589 24530 [3700, 3900] None
0 1 0.5028418302536011 24530 [3710, 3910] None
0 1 0.6813604831695557 24530 [3720, 3920] None
0 1 0.599736750125885 24530 [3730, 3930] None
0 1 0.5505056381225586 24530 [4100, 4300] None
0 1 0.7410628199577332 24530 [4120, 4320] None
0 1 0.7723236083984375 24530 [4130, 4330] None
0 1 0.5881301760673523 24530 [4140, 4340] None
0 1 0.7321161031723022 24530 [4150, 4350] None
0 1 0.7709262371063232 24530 [4160, 4360] None
0 1 0.5960844159126282 24530 [4170, 4370] None
0 1 0.7466511726379395 24530 [4180, 4380] None
0 1 0.7765275835990906 24530 [4190, 4390] None
0 1 0.6053549647331238 24530 [4200, 4400] None
0 1 0.7602942585945129 24530 [4210, 4410] None
0 1 0.7893845438957214 24530 [4220, 4420] None
0 1 0.6308428049087524 24530 [4230, 4430] None
0 1 0.7652064561843872 24530 [4240, 4440] None
0 1 0.8107699751853943 24530 [4250, 4450] None
0 1 0.6394949555397034 24530 [4260, 4460] None
0 1 0.9044088125228882 24530 [4370, 4570] None
0 1 0.7379083633422852 24530 [4380, 4580] None
0 1 0.7534552812576294 24530 [4390, 4590] None
0 1 0.9178446531295776 24530 [4400, 4600] None
0 1 0.749883770942688 24530 [4410, 4610] None
0 1 0.7750123143196106 24530 [4420, 4620] None
0 1 0.9225361347198486 24530 [4430, 4630] None
0 1 0.7677795886993408 24530 [4440, 4640] None
0 1 0.7791363596916199 24530 [4450, 4650] None
0 1 0.9233863949775696 24530 [4460, 4660] None
0 1 0.7691080570220947 24530 [4470, 4670] None
0 1 0.7856704592704773 24530 [4480, 4680] None
0 1 0.9240102767944336 24530 [4490, 4690] None
0 1 0.7778095006942749 24530 [4500, 4700] None
0 1 0.7848787903785706 24530 [4510, 4710] None
0 1 0.9269956350326538 24530 [4520, 4720] None
0 1 0.8472719192504883 24530 [4530, 4730] None
0 1 0.8979538679122925 24530 [4540, 4740] None
0 1 0.5516669750213623 47507 [1990, 2190] None
0 1 0.8893752694129944 47507 [2000, 2200] None
0 1 0.9060829877853394 47507 [2010, 2210] None
0 1 0.8766874074935913 47507 [2020, 2220] None
0 1 0.8978617191314697 47507 [2030, 2230] None
0 1 0.9089462757110596 47507 [2040, 2240] None
0 1 0.8783974647521973 47507 [2050, 2250] None
0 1 0.8990908265113831 47507 [2060, 2260] None
0 1 0.9135555624961853 47507 [2070, 2270] None
0 1 0.8842605948448181 47507 [2080, 2280] None
0 1 0.9223456978797913 47507 [2090, 2290] None
0 1 0.9393508434295654 47507 [2100, 2300] None
0 1 0.915837287902832 47507 [2110, 2310] None
0 1 0.9297178387641907 47507 [2120, 2320] None
0 1 0.9397236108779907 47507 [2130, 2330] None
0 1 0.9237715601921082 47507 [2140, 2340] None
0 1 0.9363261461257935 47507 [2150, 2350] None
0 1 0.9442253112792969 47507 [2160, 2360] None
0 1 0.9304348230361938 47507 [2170, 2370] None
0 1 0.5016417503356934 02311 [30, 230] None
0 1 0.7281572222709656 02311 [150, 350] None
0 1 0.5143651962280273 02311 [310, 510] None
0 1 0.7471242547035217 02311 [690, 890] None
0 1 0.7703288197517395 02311 [700, 900] None
0 1 0.794768750667572 02311 [710, 910] None
0 1 0.7962909936904907 02311 [720, 920] None
0 1 0.7660452723503113 02311 [730, 930] None
0 1 0.744483232498169 02311 [740, 940] None
0 1 0.826358437538147 02311 [750, 950] None
0 1 0.7994846701622009 02311 [760, 960] None
0 1 0.8236287832260132 02311 [770, 970] None
0 1 0.8280307650566101 02311 [780, 980] None
0 1 0.7735898494720459 02311 [790, 990] None
0 1 0.6355278491973877 02311 [800, 1000] None
0 1 0.8194753527641296 02311 [810, 1010] None
0 1 0.7775607705116272 02311 [820, 1020] None
0 1 0.7425065636634827 02311 [830, 1030] None
0 1 0.7976483702659607 02311 [840, 1040] None
0 1 0.8464387059211731 02311 [850, 1050] None
0 1 0.9632896184921265 02311 [860, 1060] None
0 1 0.9582110643386841 02311 [3110, 3310] None
0 1 0.9494897723197937 02311 [3120, 3320] None
0 1 0.9546264410018921 02311 [3130, 3330] None
0 1 0.9657807946205139 02311 [3140, 3340] None
0 1 0.9489672780036926 02311 [3150, 3350] None
0 1 0.9548834562301636 02311 [3160, 3360] None
0 1 0.9657655954360962 02311 [3170, 3370] None
0 1 0.9493383169174194 02311 [3180, 3380] None
0 1 0.9551787376403809 02311 [3190, 3390] None
0 1 0.9661293029785156 02311 [3200, 3400] None
0 1 0.9499460458755493 02311 [3210, 3410] None
0 1 0.9571868777275085 02311 [3220, 3420] None
0 1 0.9687446355819702 02311 [3230, 3430] None
0 1 0.9528084993362427 02311 [3240, 3440] None
0 1 0.9589905738830566 02311 [3250, 3450] None
0 1 0.9694284796714783 02311 [3260, 3460] None
0 1 0.9542456865310669 02311 [3270, 3470] None
0 1 0.9621176719665527 02311 [3280, 3480] None
0 1 0.9749568700790405 02311 [3290, 3490] None
0 1 0.505858838558197 02311 [3670, 3870] None
0 1 0.5145949721336365 02311 [3700, 3900] None
0 1 0.5370824337005615 47329 [470, 670] None
0 1 0.5198978781700134 47329 [480, 680] None
0 1 0.6064021587371826 47329 [570, 770] None
0 1 0.563819408416748 47329 [580, 780] None
0 1 0.5608607530593872 47329 [590, 790] None
0 1 0.7418829202651978 47329 [600, 800] None
0 1 0.905478298664093 47329 [610, 810] None
0 1 0.7688285708427429 47329 [3340, 3540] None
0 1 0.8109196424484253 47329 [3350, 3550] None
0 1 0.6023455858230591 47329 [3870, 4070] None
0 1 0.5419188737869263 47329 [3900, 4100] None
0 1 0.5304051041603088 47329 [3910, 4110] None
0 1 0.5782942175865173 47329 [3920, 4120] None
0 1 0.5363971590995789 47329 [3930, 4130] None
0 1 0.5710031986236572 47329 [3950, 4150] None
0 1 0.5640350580215454 47329 [3960, 4160] None
0 1 0.5057860016822815 47329 [3970, 4170] None
0 1 0.5912114381790161 47329 [3980, 4180] None
0 1 0.5617053508758545 47329 [3990, 4190] None
0 1 0.561778724193573 47329 [4010, 4210] None
0 1 0.5385092496871948 47329 [4040, 4240] None
0 1 0.5006159543991089 47329 [4050, 4250] None
0 1 0.7179893851280212 47329 [5150, 5350] None
0 1 0.9496621489524841 47329 [5160, 5360] None
0 1 0.9425259232521057 47329 [5170, 5370] None
0 1 0.9626820087432861 47329 [5180, 5380] None
0 1 0.9653334021568298 47329 [5190, 5390] None
0 1 0.5133280158042908 01125 [1800, 2000] None
0 1 0.9075089693069458 01125 [1810, 2010] None
0 1 0.8060622215270996 01125 [1820, 2020] None
0 1 0.8924398422241211 01125 [1830, 2030] None
0 1 0.9358877539634705 01125 [1840, 2040] None
0 1 0.8795506358146667 01125 [1850, 2050] None
0 1 0.9123379588127136 01125 [1860, 2060] None
0 1 0.9355908632278442 01125 [1870, 2070] None
0 1 0.8785533905029297 01125 [1880, 2080] None
0 1 0.911054790019989 01125 [1890, 2090] None
0 1 0.9353421926498413 01125 [1900, 2100] None
0 1 0.8783742785453796 01125 [1910, 2110] None
0 1 0.9108256101608276 01125 [1920, 2120] None
0 1 0.936535120010376 01125 [1930, 2130] None
0 1 0.8856338858604431 01125 [1940, 2140] None
0 1 0.9244838356971741 01125 [1950, 2150] None
0 1 0.9469007849693298 01125 [1960, 2160] None
0 1 0.9018560647964478 01125 [1970, 2170] None
0 1 0.9271807074546814 01125 [1980, 2180] None
0 1 0.6616136431694031 01125 [1990, 2190] None
0 1 0.764219343662262 01125 [2020, 2220] None
0 1 0.62801194190979 01125 [2030, 2230] None
0 1 0.5290045142173767 01125 [2040, 2240] None
0 1 0.7625796794891357 01125 [2050, 2250] None
0 1 0.6391571164131165 01125 [2060, 2260] None
0 1 0.5242214798927307 01125 [2070, 2270] None
0 1 0.7621038556098938 01125 [2080, 2280] None
0 1 0.6447611451148987 01125 [2090, 2290] None
0 1 0.526641845703125 01125 [2100, 2300] None
0 1 0.7669246196746826 01125 [2110, 2310] None
0 1 0.663336992263794 01125 [2120, 2320] None
0 1 0.5784208178520203 01125 [2130, 2330] None
0 1 0.8078991174697876 01125 [2140, 2340] None
0 1 0.6917242407798767 01125 [2150, 2350] None
0 1 0.5435835123062134 01125 [2160, 2360] None
0 1 0.7422147989273071 01125 [3270, 3470] None
0 1 0.9024987816810608 01125 [3280, 3480] None
0 1 0.8873440623283386 01125 [3290, 3490] None
0 1 0.8577626347541809 01125 [3300, 3500] None
0 1 0.9010227918624878 01125 [3310, 3510] None
0 1 0.8855195045471191 01125 [3320, 3520] None
0 1 0.8567255735397339 01125 [3330, 3530] None
0 1 0.9000828266143799 01125 [3340, 3540] None
0 1 0.8847008943557739 01125 [3350, 3550] None
0 1 0.8544878363609314 01125 [3360, 3560] None
0 1 0.9006483554840088 01125 [3370, 3570] None
0 1 0.8840770721435547 01125 [3380, 3580] None
0 1 0.856696367263794 01125 [3390, 3590] None
0 1 0.9044705629348755 01125 [3400, 3600] None
0 1 0.8943055272102356 01125 [3410, 3610] None
0 1 0.8780136108398438 01125 [3420, 3620] None
0 1 0.9132882356643677 01125 [3430, 3630] None
0 1 0.9106131196022034 01125 [3440, 3640] None
0 1 0.6007674932479858 01125 [4300, 4500] None
0 1 0.9430661201477051 01125 [4310, 4510] None
0 1 0.9506310820579529 01125 [4320, 4520] None
0 1 0.5344276428222656 50128 [1100, 1300] None
0 1 0.5660926103591919 50128 [1120, 1320] None
0 1 0.6164706945419312 50128 [1130, 1330] None
0 1 0.5824770331382751 50128 [1150, 1350] None
0 1 0.6543412804603577 50128 [1160, 1360] None
0 1 0.6217836141586304 50128 [1180, 1380] None
0 1 0.7083422541618347 50128 [1190, 1390] None
0 1 0.6164919137954712 50128 [1210, 1410] None
0 1 0.671539843082428 50128 [1220, 1420] None
0 1 0.6475639939308167 50128 [1240, 1440] None
0 1 0.6162698268890381 50128 [1250, 1450] None
0 1 0.8990249633789062 50128 [1260, 1460] None
0 1 0.6494631171226501 50128 [1710, 1910] None
0 1 0.8226306438446045 50128 [1720, 1920] None
0 1 0.8882616758346558 50128 [1730, 1930] None
0 1 0.8547163009643555 50128 [1740, 1940] None
0 1 0.8610601425170898 50128 [1750, 1950] None
0 1 0.900158703327179 50128 [1760, 1960] None
0 1 0.8838691711425781 50128 [1770, 1970] None
0 1 0.8761773705482483 50128 [1780, 1980] None
0 1 0.9214858412742615 50128 [1790, 1990] None
0 1 0.8933026194572449 50128 [1800, 2000] None
0 1 0.8910306692123413 50128 [1810, 2010] None
0 1 0.9295178055763245 50128 [1820, 2020] None
0 1 0.9032079577445984 50128 [1830, 2030] None
0 1 0.8955323100090027 50128 [1840, 2040] None
0 1 0.9308241009712219 50128 [1850, 2050] None
0 1 0.9032843112945557 50128 [1860, 2060] None
0 1 0.8962963819503784 50128 [1870, 2070] None
0 1 0.9355292320251465 50128 [1880, 2080] None
0 1 0.9219446182250977 50128 [1890, 2090] None
0 1 0.5865799784660339 50128 [4030, 4230] None
0 1 0.7264903783798218 50128 [4060, 4260] None
0 1 0.731334924697876 50128 [4090, 4290] None
0 1 0.7075541615486145 50128 [4120, 4320] None
0 1 0.8164226412773132 50128 [4150, 4350] None
0 1 0.5005386471748352 49501 [3810, 4010] None
0 1 0.6907407641410828 49501 [3820, 4020] None
0 1 0.7819332480430603 49501 [3830, 4030] None
0 1 0.8470134735107422 49501 [3840, 4040] None
0 1 0.9026920795440674 49501 [3850, 4050] None
0 1 0.5854589343070984 49501 [3860, 4060] None
0 1 0.5528025031089783 49501 [5350, 5550] None
0 1 0.5357728004455566 49501 [5380, 5580] None
0 1 0.5654724836349487 01210 [880, 1080] None
0 1 0.5694493651390076 01210 [910, 1110] None
0 1 0.5665140151977539 01210 [940, 1140] None
0 1 0.5631919503211975 01210 [970, 1170] None
0 1 0.5092401504516602 01210 [980, 1180] None
0 1 0.5838437676429749 01210 [1000, 1200] None
0 1 0.5102963447570801 01210 [1010, 1210] None
0 1 0.5931445360183716 01210 [1030, 1230] None
0 1 0.6163262128829956 01210 [1070, 1270] None
0 1 0.6455751061439514 01210 [1100, 1300] None
0 1 0.5937307476997375 01210 [1110, 1310] None
0 1 0.8317869305610657 01210 [1130, 1330] None
0 1 0.9155461192131042 01210 [3660, 3860] None
0 1 0.9515313506126404 01210 [3670, 3870] None
0 1 0.9310922026634216 01210 [3680, 3880] None
0 1 0.9368835687637329 01210 [3690, 3890] None
0 1 0.9549112319946289 01210 [3700, 3900] None
0 1 0.93665611743927 01210 [3710, 3910] None
0 1 0.9376492500305176 01210 [3720, 3920] None
0 1 0.9601368308067322 01210 [3730, 3930] None
0 1 0.9391441345214844 01210 [3740, 3940] None
0 1 0.9470247626304626 01210 [3750, 3950] None
0 1 0.9600263237953186 01210 [3760, 3960] None
0 1 0.9399518966674805 01210 [3770, 3970] None
0 1 0.945232629776001 01210 [3780, 3980] None
0 1 0.9598418474197388 01210 [3790, 3990] None
0 1 0.945239782333374 01210 [3800, 4000] None
0 1 0.9513487815856934 01210 [3810, 4010] None
0 1 0.9651001691818237 01210 [3820, 4020] None
0 1 0.9449228048324585 01210 [3830, 4030] None
0 1 0.947053849697113 01210 [3840, 4040] None
0 1 0.8513255715370178 50607 [20, 220] None
0 1 0.9337853193283081 50607 [30, 230] None
0 1 0.9313490986824036 50607 [40, 240] None
0 1 0.9477409720420837 50607 [50, 250] None
0 1 0.938795804977417 50607 [60, 260] None
0 1 0.9309912323951721 50607 [70, 270] None
0 1 0.9474586844444275 50607 [80, 280] None
0 1 0.9383119344711304 50607 [90, 290] None
0 1 0.9323230385780334 50607 [100, 300] None
0 1 0.9483813047409058 50607 [110, 310] None
0 1 0.9384418725967407 50607 [120, 320] None
0 1 0.933329701423645 50607 [130, 330] None
0 1 0.9492064118385315 50607 [140, 340] None
0 1 0.9378343820571899 50607 [150, 350] None
0 1 0.9373248219490051 50607 [160, 360] None
0 1 0.9516779184341431 50607 [170, 370] None
0 1 0.9505777359008789 50607 [180, 380] None
0 1 0.9457818269729614 50607 [190, 390] None
0 1 0.9538474678993225 50607 [200, 400] None
0 1 0.9541783928871155 50607 [210, 410] None
0 1 0.9437336921691895 50607 [220, 420] None
0 1 0.9513963460922241 50607 [230, 430] None
0 1 0.9544299840927124 50607 [240, 440] None
0 1 0.9433316588401794 50607 [250, 450] None
0 1 0.9512078762054443 50607 [260, 460] None
0 1 0.9510611891746521 50607 [270, 470] None
0 1 0.9417116045951843 50607 [280, 480] None
0 1 0.9500439763069153 50607 [290, 490] None
0 1 0.9540883302688599 50607 [300, 500] None
0 1 0.9420556426048279 50607 [310, 510] None
0 1 0.9514887928962708 50607 [320, 520] None
0 1 0.9489231705665588 50607 [330, 530] None
0 1 0.9567103981971741 50607 [340, 540] None
0 1 0.5831406712532043 50607 [830, 1030] None
0 1 0.6638740301132202 50607 [840, 1040] None
0 1 0.6504794955253601 50607 [850, 1050] None
0 1 0.7601652145385742 50607 [860, 1060] None
0 1 0.7582263350486755 50607 [870, 1070] None
0 1 0.6473556160926819 50607 [880, 1080] None
0 1 0.763235867023468 50607 [890, 1090] None
0 1 0.7617612481117249 50607 [900, 1100] None
0 1 0.6494321823120117 50607 [910, 1110] None
0 1 0.7554414868354797 50607 [920, 1120] None
0 1 0.7602603435516357 50607 [930, 1130] None
0 1 0.6567413210868835 50607 [940, 1140] None
0 1 0.7638903260231018 50607 [950, 1150] None
0 1 0.7501869201660156 50607 [960, 1160] None
0 1 0.6594873666763306 50607 [970, 1170] None
0 1 0.7976301312446594 50607 [980, 1180] None
0 1 0.7763250470161438 50607 [990, 1190] None
0 1 0.584175169467926 50607 [1000, 1200] None
0 1 0.6688284873962402 50607 [1570, 1770] None
0 1 0.8852896094322205 50607 [1580, 1780] None
0 1 0.9056342244148254 50607 [1590, 1790] None
0 1 0.8140013813972473 50607 [1600, 1800] None
0 1 0.908515989780426 50607 [1610, 1810] None
0 1 0.9073289036750793 50607 [1620, 1820] None
0 1 0.8283156752586365 50607 [1630, 1830] None
0 1 0.9094158411026001 50607 [1640, 1840] None
0 1 0.907825767993927 50607 [1650, 1850] None
0 1 0.8188684582710266 50607 [1660, 1860] None
0 1 0.9066272974014282 50607 [1670, 1870] None
0 1 0.8950363993644714 50607 [1680, 1880] None
0 1 0.7812976241111755 50607 [1690, 1890] None
0 1 0.8966788053512573 50607 [1700, 1900] None
0 1 0.8930394649505615 50607 [1710, 1910] None
0 1 0.7713997960090637 50607 [1720, 1920] None
0 1 0.9045936465263367 50607 [1730, 1930] None
0 1 0.9236717820167542 50607 [1740, 1940] None
0 1 0.9216797947883606 50607 [1750, 1950] None
0 1 0.552891194820404 50607 [1900, 2100] None
0 1 0.9130219221115112 50607 [4420, 4620] None
0 1 0.9474099278450012 50607 [4430, 4630] None
0 1 0.9473335146903992 50607 [4440, 4640] None
0 1 0.9468594193458557 50607 [4450, 4650] None
0 1 0.9587624669075012 50607 [4460, 4660] None
0 1 0.9475393891334534 50607 [4470, 4670] None
0 1 0.9474282264709473 50607 [4480, 4680] None
0 1 0.9589025378227234 50607 [4490, 4690] None
0 1 0.9477381706237793 50607 [4500, 4700] None
0 1 0.9474196434020996 50607 [4510, 4710] None
0 1 0.9588228464126587 50607 [4520, 4720] None
0 1 0.9475109577178955 50607 [4530, 4730] None
0 1 0.9470975995063782 50607 [4540, 4740] None
0 1 0.9587200880050659 50607 [4550, 4750] None
0 1 0.938908576965332 50607 [4560, 4760] None
0 1 0.9461867809295654 50607 [4570, 4770] None
0 1 0.9595826268196106 50607 [4580, 4780] None
0 1 0.9555156826972961 50607 [4590, 4790] None
0 1 0.9651350975036621 50607 [4600, 4800] None
0 1 0.9697041511535645 50607 [5160, 5360] None
0 1 0.9677587151527405 50607 [5170, 5370] None
0 1 0.9612219333648682 50607 [5180, 5380] None
0 1 0.9719523787498474 50607 [5190, 5390] None
0 1 0.9695826768875122 50607 [5200, 5400] None
0 1 0.9654404520988464 50607 [5210, 5410] None
0 1 0.9729728698730469 50607 [5220, 5420] None
0 1 0.9694064259529114 50607 [5230, 5430] None
0 1 0.9656655192375183 50607 [5240, 5440] None
0 1 0.9742461442947388 50607 [5250, 5450] None
0 1 0.9717340469360352 50607 [5260, 5460] None
0 1 0.9680895209312439 50607 [5270, 5470] None
0 1 0.9771900773048401 50607 [5280, 5480] None
0 1 0.9728435277938843 50607 [5290, 5490] None
0 1 0.9679806232452393 50607 [5300, 5500] None
0 1 0.9768843054771423 50607 [5310, 5510] None
0 1 0.9738140106201172 50607 [5320, 5520] None
0 1 0.9722899794578552 50607 [5330, 5530] None
0 1 0.9819367527961731 50607 [5340, 5540] None
0 1 0.5234147310256958 49220 [0, 200] None
0 1 0.5302370190620422 49220 [10, 210] None
0 1 0.548470139503479 49220 [30, 230] None
0 1 0.5431244373321533 49220 [40, 240] None
0 1 0.5636209845542908 49220 [360, 560] None
0 1 0.6436561942100525 49220 [440, 640] None
0 1 0.8159037232398987 49220 [450, 650] None
0 1 0.8756139278411865 49220 [460, 660] None
0 1 0.7893873453140259 49220 [470, 670] None
0 1 0.8065971732139587 49220 [480, 680] None
0 1 0.877213716506958 49220 [490, 690] None
0 1 0.8139840364456177 49220 [500, 700] None
0 1 0.8150465488433838 49220 [510, 710] None
0 1 0.8784098029136658 49220 [520, 720] None
0 1 0.8345192074775696 49220 [530, 730] None
0 1 0.8600687384605408 49220 [540, 740] None
0 1 0.9092684388160706 49220 [550, 750] None
0 1 0.8608694672584534 49220 [560, 760] None
0 1 0.8604158759117126 49220 [570, 770] None
0 1 0.9111243486404419 49220 [580, 780] None
0 1 0.8683618903160095 49220 [590, 790] None
0 1 0.8614500761032104 49220 [600, 800] None
0 1 0.9236321449279785 49220 [610, 810] None
0 1 0.9001121520996094 49220 [620, 820] None
0 1 0.5533884167671204 49220 [2340, 2540] None
0 1 0.6523891091346741 49220 [2350, 2550] None
0 1 0.6402637958526611 49220 [2360, 2560] None
0 1 0.5055761337280273 49220 [2370, 2570] None
0 1 0.5748984813690186 49220 [2380, 2580] None
0 1 0.5033605098724365 49220 [2390, 2590] None
0 1 0.5527476072311401 49220 [2410, 2610] None
0 1 0.5091683268547058 49220 [2420, 2620] None
0 1 0.5157470703125 49220 [2440, 2640] None
0 1 0.5649848580360413 49220 [2470, 2670] None
0 1 0.5194246172904968 49220 [2640, 2840] None
0 1 0.5250350832939148 49220 [2670, 2870] None
0 1 0.534042239189148 49220 [2700, 2900] None
0 1 0.5320362448692322 49220 [2730, 2930] None
0 1 0.5499445796012878 49220 [2760, 2960] None
0 1 0.5659387707710266 49220 [2790, 2990] None
0 1 0.9553916454315186 29424 [210, 410] None
0 1 0.9645426273345947 29424 [220, 420] None
0 1 0.9629009366035461 29424 [230, 430] None
0 1 0.9643893837928772 29424 [240, 440] None
0 1 0.961523711681366 29424 [250, 450] None
0 1 0.9592227339744568 29424 [260, 460] None
0 1 0.962833046913147 29424 [270, 470] None
0 1 0.9604955315589905 29424 [280, 480] None
0 1 0.9575704336166382 29424 [290, 490] None
0 1 0.9607966542243958 29424 [300, 500] None
0 1 0.9604946970939636 29424 [310, 510] None
0 1 0.9588975310325623 29424 [320, 520] None
0 1 0.9610457420349121 29424 [330, 530] None
0 1 0.9605324268341064 29424 [340, 540] None
0 1 0.9593002796173096 29424 [350, 550] None
0 1 0.9620274305343628 29424 [360, 560] None
0 1 0.9530512094497681 29424 [370, 570] None
0 1 0.9532918334007263 29424 [380, 580] None
0 1 0.9460476040840149 29424 [390, 590] None
0 1 0.8668369054794312 29424 [960, 1160] None
0 1 0.9080979228019714 29424 [970, 1170] None
0 1 0.853263258934021 29424 [980, 1180] None
0 1 0.9011513590812683 29424 [990, 1190] None
0 1 0.9058892726898193 29424 [1000, 1200] None
0 1 0.8458413481712341 29424 [1010, 1210] None
0 1 0.8938482999801636 29424 [1020, 1220] None
0 1 0.9006023406982422 29424 [1030, 1230] None
0 1 0.8164117336273193 29424 [1040, 1240] None
0 1 0.8750725984573364 29424 [1050, 1250] None
0 1 0.8927727341651917 29424 [1060, 1260] None
0 1 0.7787877321243286 29424 [1070, 1270] None
0 1 0.8600680828094482 29424 [1080, 1280] None
0 1 0.8811609148979187 29424 [1090, 1290] None
0 1 0.7684822678565979 29424 [1100, 1300] None
0 1 0.8698012232780457 29424 [1110, 1310] None
0 1 0.8757138252258301 29424 [1120, 1320] None
0 1 0.6932631134986877 29424 [1130, 1330] None
0 1 0.8840960264205933 29424 [1140, 1340] None
0 1 0.6971192359924316 29424 [4250, 4450] None
0 1 0.8529015779495239 50627 [1570, 1770] None
0 1 0.8945907354354858 50627 [1580, 1780] None
0 1 0.9370993375778198 50627 [1590, 1790] None
0 1 0.9107507467269897 50627 [1600, 1800] None
0 1 0.9138071537017822 50627 [1610, 1810] None
0 1 0.9362545013427734 50627 [1620, 1820] None
0 1 0.9114769101142883 50627 [1630, 1830] None
0 1 0.9145652055740356 50627 [1640, 1840] None
0 1 0.9375513792037964 50627 [1650, 1850] None
0 1 0.9139677286148071 50627 [1660, 1860] None
0 1 0.9221001863479614 50627 [1670, 1870] None
0 1 0.9447694420814514 50627 [1680, 1880] None
0 1 0.92159503698349 50627 [1690, 1890] None
0 1 0.9377941489219666 50627 [1700, 1900] None
0 1 0.5240141153335571 50627 [2540, 2740] None
0 1 0.5145021080970764 50627 [2550, 2750] None
0 1 0.5646035075187683 50627 [2570, 2770] None
0 1 0.6901065111160278 50627 [4730, 4930] None
0 1 0.8739825487136841 50627 [4740, 4940] None
0 1 0.8620670437812805 50627 [4750, 4950] None
0 1 0.9291391372680664 50627 [4760, 4960] None
0 1 0.8806790709495544 50627 [4770, 4970] None
0 1 0.9032221436500549 50627 [4780, 4980] None
0 1 0.9449588656425476 50627 [4790, 4990] None
0 1 0.9173362851142883 50627 [4800, 5000] None
0 1 0.9100198149681091 50627 [4810, 5010] None
0 1 0.9472491145133972 50627 [4820, 5020] None
0 1 0.9218108654022217 50627 [4830, 5030] None
0 1 0.9109269380569458 50627 [4840, 5040] None
0 1 0.947867214679718 50627 [4850, 5050] None
0 1 0.9245679974555969 50627 [4860, 5060] None
0 1 0.9186900854110718 50627 [4870, 5070] None
0 1 0.9579832553863525 50627 [4880, 5080] None
0 1 0.9374464154243469 50627 [4890, 5090] None
0 1 0.9261428117752075 50627 [4900, 5100] None
0 1 0.9573662877082825 50627 [4910, 5110] None
0 1 0.5477022528648376 50627 [4920, 5120] None
0 1 0.5789477229118347 50627 [5120, 5320] None
0 1 0.9712201356887817 50627 [5420, 5620] None
0 1 0.9728298783302307 50627 [5430, 5630] None
0 1 0.9606046676635742 50627 [5440, 5640] None
0 1 0.8700235486030579 50627 [5590, 5790] None
0 1 0.9255467653274536 50627 [5600, 5800] None
0 1 0.9508217573165894 50627 [5610, 5810] None
0 1 0.9581248164176941 50627 [5620, 5820] None
0 1 0.9541255831718445 50627 [5630, 5830] None
0 1 0.9515309929847717 50627 [5640, 5840] None
0 1 0.9494033455848694 50627 [5650, 5850] None
0 1 0.9519117474555969 50627 [5660, 5860] None
0 1 0.9511842727661133 50627 [5670, 5870] None
0 1 0.955848753452301 50627 [5680, 5880] None
0 1 0.9478658437728882 50627 [5690, 5890] None
0 1 0.9499167203903198 50627 [5700, 5900] None
0 1 0.9660248160362244 50627 [5710, 5910] None
0 1 0.9586385488510132 50627 [5720, 5920] None
0 1 0.9505020976066589 50627 [5730, 5930] None
0 1 0.967452883720398 50627 [5740, 5940] None
0 1 0.9709197878837585 50627 [5750, 5950] None
0 1 0.9672533273696899 50627 [5760, 5960] None
0 1 0.9817538857460022 50627 [5770, 5970] None
0 1 0.5581935048103333 48402 [170, 370] None
0 1 0.5843303799629211 48402 [550, 750] None
0 1 0.5880585312843323 48402 [580, 780] None
0 1 0.5799049139022827 48402 [610, 810] None
0 1 0.5923348069190979 48402 [640, 840] None
0 1 0.5907161831855774 48402 [670, 870] None
0 1 0.5522772669792175 48402 [680, 880] None
0 1 0.6199315786361694 48402 [690, 890] None
0 1 0.5414050817489624 48402 [4400, 4600] None
0 1 0.5466991066932678 48402 [4430, 4630] None
0 1 0.548294723033905 48402 [4460, 4660] None
0 1 0.5510514378547668 48402 [4490, 4690] None
0 1 0.5743960738182068 48402 [4520, 4720] None
0 1 0.5893434286117554 48402 [4550, 4750] None
0 1 0.6201413869857788 38215 [2730, 2930] None
0 1 0.6425323486328125 38215 [2750, 2950] None
0 1 0.624828040599823 38215 [2760, 2960] None
0 1 0.6369350552558899 38215 [2780, 2980] None
0 1 0.6300525665283203 38215 [2790, 2990] None
0 1 0.6299241781234741 38215 [2810, 3010] None
0 1 0.6251620650291443 38215 [2820, 3020] None
0 1 0.6389478445053101 38215 [2840, 3040] None
0 1 0.638824462890625 38215 [2850, 3050] None
0 1 0.6527117490768433 38215 [2870, 3070] None
0 1 0.6313190460205078 38215 [2880, 3080] None
0 1 0.589278519153595 38215 [3140, 3340] None
0 1 0.5948923826217651 38215 [3150, 3350] None
0 1 0.5773403644561768 38215 [3160, 3360] None
0 1 0.6647636890411377 38215 [3170, 3370] None
0 1 0.5885616540908813 38215 [3180, 3380] None
0 1 0.6593568325042725 38215 [3190, 3390] None
0 1 0.7268773317337036 38215 [3200, 3400] None
0 1 0.7500659227371216 38215 [3210, 3410] None
0 1 0.701903223991394 38215 [3220, 3420] None
0 1 0.7429127097129822 38215 [3230, 3430] None
0 1 0.7694569230079651 38215 [3240, 3440] None
0 1 0.7241957187652588 38215 [3250, 3450] None
0 1 0.7787458300590515 38215 [3260, 3460] None
0 1 0.7812386155128479 38215 [3270, 3470] None
0 1 0.7387731671333313 38215 [3280, 3480] None
0 1 0.7768910527229309 38215 [3290, 3490] None
0 1 0.7855119109153748 38215 [3300, 3500] None
0 1 0.7585194110870361 38215 [3310, 3510] None
0 1 0.8307493925094604 38215 [3320, 3520] None
0 1 0.7919706106185913 38215 [3330, 3530] None
0 1 0.7838762402534485 38215 [3340, 3540] None
0 1 0.8563820123672485 38215 [3350, 3550] None
0 1 0.8292986750602722 38215 [3360, 3560] None
0 1 0.8224591612815857 38215 [3370, 3570] None
0 1 0.8008196353912354 47510 [1950, 2150] None
0 1 0.9056606292724609 47510 [5290, 5490] None
0 1 0.9802929759025574 47510 [5300, 5500] None
0 1 0.9803128838539124 47510 [5310, 5510] None
0 1 0.9809828400611877 47510 [5320, 5520] None
0 1 0.9826055765151978 47510 [5330, 5530] None
0 1 0.9821653962135315 47510 [5340, 5540] None
0 1 0.982193112373352 47510 [5350, 5550] None
0 1 0.9831281900405884 47510 [5360, 5560] None
0 1 0.9827296733856201 47510 [5370, 5570] None
0 1 0.9827864170074463 47510 [5380, 5580] None
0 1 0.9834800958633423 47510 [5390, 5590] None
0 1 0.983044445514679 47510 [5400, 5600] None
0 1 0.9834732413291931 47510 [5410, 5610] None
0 1 0.9842809438705444 47510 [5420, 5620] None
0 1 0.9841920137405396 47510 [5430, 5630] None
0 1 0.9848490953445435 47510 [5440, 5640] None
0 1 0.985692024230957 47510 [5450, 5650] None
0 1 0.9845655560493469 47510 [5460, 5660] None
0 1 0.985451340675354 47510 [5470, 5670] None
0 1 0.9143260717391968 47510 [5480, 5680] None
0 1 0.7221889495849609 48620 [300, 500] None
0 1 0.6839967370033264 48620 [310, 510] None
0 1 0.7217127680778503 48620 [320, 520] None
0 1 0.7436825633049011 48620 [330, 530] None
0 1 0.7633034586906433 48620 [340, 540] None
0 1 0.731918454170227 48620 [350, 550] None
0 1 0.7531730532646179 48620 [360, 560] None
0 1 0.7741164565086365 48620 [370, 570] None
0 1 0.7448239326477051 48620 [380, 580] None
0 1 0.7606812119483948 48620 [390, 590] None
0 1 0.7808641195297241 48620 [400, 600] None
0 1 0.7483544945716858 48620 [410, 610] None
0 1 0.7618781328201294 48620 [420, 620] None
0 1 0.7856737375259399 48620 [430, 630] None
0 1 0.7653700709342957 48620 [440, 640] None
0 1 0.7780616879463196 48620 [450, 650] None
0 1 0.7974642515182495 48620 [460, 660] None
0 1 0.7507198452949524 48620 [470, 670] None
0 1 0.7437388300895691 48620 [480, 680] None
0 1 0.5086508989334106 48620 [730, 930] None
0 1 0.6832267642021179 48620 [760, 960] None
0 1 0.7022190093994141 48620 [770, 970] None
0 1 0.5900148153305054 48620 [910, 1110] None
0 1 0.5079638957977295 48620 [920, 1120] None
0 1 0.5555792450904846 48620 [930, 1130] None
0 1 0.6567268967628479 48620 [940, 1140] None
0 1 0.5595496296882629 48620 [960, 1160] None
0 1 0.6682671904563904 48620 [970, 1170] None
0 1 0.5571948289871216 48620 [990, 1190] None
0 1 0.6626850366592407 48620 [1000, 1200] None
0 1 0.5519179701805115 48620 [1020, 1220] None
0 1 0.6578972935676575 48620 [1030, 1230] None
0 1 0.5811702609062195 48620 [1050, 1250] None
0 1 0.7052938342094421 48620 [1060, 1260] None
0 1 0.5223018527030945 48620 [1070, 1270] None
0 1 0.5950769186019897 48620 [1080, 1280] None
0 1 0.6116505861282349 48620 [1210, 1410] None
0 1 0.7083187699317932 48620 [1220, 1420] None
0 1 0.5582651495933533 48620 [1950, 2150] None
0 1 0.5515097379684448 48620 [1960, 2160] None
0 1 0.5961456298828125 48620 [1980, 2180] None
0 1 0.8060612678527832 48620 [2960, 3160] None
0 1 0.7954354882240295 48620 [2970, 3170] None
0 1 0.7659567594528198 48620 [2980, 3180] None
0 1 0.8649266362190247 48620 [2990, 3190] None
0 1 0.8346535563468933 48620 [3000, 3200] None
0 1 0.7707023620605469 48620 [3010, 3210] None
0 1 0.8662320971488953 48620 [3020, 3220] None
0 1 0.8354020714759827 48620 [3030, 3230] None
0 1 0.7724248766899109 48620 [3040, 3240] None
0 1 0.8669923543930054 48620 [3050, 3250] None
0 1 0.8315664529800415 48620 [3060, 3260] None
0 1 0.7672129273414612 48620 [3070, 3270] None
0 1 0.8636911511421204 48620 [3080, 3280] None
0 1 0.8311390280723572 48620 [3090, 3290] None
0 1 0.7681800723075867 48620 [3100, 3300] None
0 1 0.8687059879302979 48620 [3110, 3310] None
0 1 0.8405926823616028 48620 [3120, 3320] None
0 1 0.7739336490631104 48620 [3130, 3330] None
0 1 0.877184271812439 48620 [3140, 3340] None
0 1 0.7823945879936218 48620 [5260, 5460] None
0 1 0.8613718748092651 48620 [5270, 5470] None
0 1 0.8645225763320923 48620 [5280, 5480] None
0 1 0.869979977607727 48620 [5290, 5490] None
0 1 0.8715443015098572 48620 [5300, 5500] None
0 1 0.8659296035766602 48620 [5310, 5510] None
0 1 0.8695961833000183 48620 [5320, 5520] None
0 1 0.877181887626648 48620 [5330, 5530] None
0 1 0.8657397031784058 48620 [5340, 5540] None
0 1 0.871430516242981 48620 [5350, 5550] None
0 1 0.824359655380249 21613 [60, 260] None
0 1 0.5529472827911377 21613 [70, 270] None
0 1 0.54363614320755 47501 [4190, 4390] None
0 1 0.58319091796875 50609 [1290, 1490] None
0 1 0.7063371539115906 50609 [1300, 1500] None
0 1 0.7065038084983826 50609 [1310, 1510] None
0 1 0.7364155054092407 50609 [1320, 1520] None
0 1 0.7343627214431763 50609 [1330, 1530] None
0 1 0.6686227917671204 50609 [1340, 1540] None
0 1 0.6690619587898254 50609 [1350, 1550] None
0 1 0.6739662885665894 50609 [1360, 1560] None
0 1 0.6233821511268616 50609 [1370, 1570] None
0 1 0.6062535047531128 50609 [1380, 1580] None
0 1 0.6157222390174866 50609 [1390, 1590] None
0 1 0.5458869934082031 50609 [1400, 1600] None
0 1 0.5589552521705627 50609 [1410, 1610] None
0 1 0.6040809154510498 50609 [1420, 1620] None
0 1 0.540071964263916 50609 [1440, 1640] None
0 1 0.5272341966629028 50609 [1600, 1800] None
0 1 0.535933256149292 50609 [1610, 1810] None
0 1 0.5035837888717651 50609 [1620, 1820] None
0 1 0.534123420715332 50609 [1630, 1830] None
0 1 0.5389916896820068 50609 [1640, 1840] None
0 1 0.5777808427810669 50609 [1650, 1850] None
0 1 0.6145980358123779 50609 [1660, 1860] None
0 1 0.6228373646736145 50609 [1670, 1870] None
0 1 0.5521717667579651 50609 [1680, 1880] None
0 1 0.6657349467277527 50609 [1690, 1890] None
0 1 0.6158372759819031 50609 [1700, 1900] None
0 1 0.5963409543037415 50609 [1710, 1910] None
0 1 0.6984089612960815 50609 [1720, 1920] None
0 1 0.5593069791793823 50609 [1730, 1930] None
0 1 0.7187888622283936 50609 [1750, 1950] None
0 1 0.5603194236755371 50609 [1760, 1960] None
0 1 0.6672775745391846 50609 [1780, 1980] None
0 1 0.516158938407898 50609 [1790, 1990] None
0 1 0.6115428805351257 50609 [1810, 2010] None
0 1 0.5032174587249756 50609 [2070, 2270] None
0 1 0.6104075908660889 50609 [3440, 3640] None
0 1 0.6256200075149536 50609 [3450, 3650] None
0 1 0.6217382550239563 50609 [3470, 3670] None
0 1 0.6206137537956238 50609 [3480, 3680] None
0 1 0.6126108765602112 50609 [3500, 3700] None
0 1 0.612060010433197 50609 [3510, 3710] None
0 1 0.6128416061401367 50609 [3530, 3730] None
0 1 0.6126241087913513 50609 [3540, 3740] None
0 1 0.604145884513855 50609 [3560, 3760] None
0 1 0.6025440096855164 50609 [3570, 3770] None
0 1 0.5517705678939819 50609 [3590, 3790] None
0 1 0.614620566368103 50609 [3600, 3800] None
0 1 0.5434066653251648 50609 [3610, 3810] None
0 1 0.6755973100662231 50609 [3620, 3820] None
0 1 0.7147650718688965 50609 [3630, 3830] None
0 1 0.773074209690094 50609 [3640, 3840] None
0 1 0.7284460663795471 50609 [5060, 5260] None
0 1 0.7898513078689575 50609 [5070, 5270] None
0 1 0.5212173461914062 50609 [5080, 5280] None
0 1 0.7105997800827026 50609 [5090, 5290] None
0 1 0.784605860710144 50609 [5100, 5300] None
0 1 0.607403039932251 50609 [5280, 5480] None
0 1 0.8732783794403076 50609 [5290, 5490] None
0 1 0.8991283178329468 50609 [5300, 5500] None
0 1 0.9030823111534119 50609 [5310, 5510] None
0 1 0.9167622327804565 50609 [5320, 5520] None
0 1 0.9272738695144653 50609 [5330, 5530] None
0 1 0.9298683404922485 50609 [5340, 5540] None
0 1 0.9320932626724243 50609 [5350, 5550] None
0 1 0.938338041305542 50609 [5360, 5560] None
0 1 0.5969073176383972 50125 [1440, 1640] None
0 1 0.524540364742279 50125 [1450, 1650] None
0 1 0.7088134288787842 50125 [1460, 1660] None
0 1 0.6411933302879333 50125 [1470, 1670] None
0 1 0.5959868431091309 50125 [1480, 1680] None
0 1 0.673743724822998 50125 [1490, 1690] None
0 1 0.6416648030281067 50125 [1500, 1700] None
0 1 0.6038215756416321 50125 [1510, 1710] None
0 1 0.6731192469596863 50125 [1520, 1720] None
0 1 0.6417601704597473 50125 [1530, 1730] None
0 1 0.6015819311141968 50125 [1540, 1740] None
0 1 0.6763168573379517 50125 [1550, 1750] None
0 1 0.6403506994247437 50125 [1560, 1760] None
0 1 0.5937566757202148 50125 [1570, 1770] None
0 1 0.6758177280426025 50125 [1580, 1780] None
0 1 0.6385729312896729 50125 [1590, 1790] None
0 1 0.5867589712142944 50125 [1600, 1800] None
0 1 0.7006754279136658 50125 [1610, 1810] None
0 1 0.6957201957702637 50125 [1620, 1820] None
0 1 0.8275629878044128 50125 [3140, 3340] None
0 1 0.791304349899292 50125 [3150, 3350] None
0 1 0.7566878199577332 50125 [3160, 3360] None
0 1 0.801459789276123 50125 [3170, 3370] None
0 1 0.7061219811439514 50125 [3180, 3380] None
0 1 0.7366370558738708 50125 [3190, 3390] None
0 1 0.7974145412445068 50125 [3200, 3400] None
0 1 0.702448308467865 50125 [3210, 3410] None
0 1 0.7362844347953796 50125 [3220, 3420] None
0 1 0.7980051636695862 50125 [3230, 3430] None
0 1 0.6975769996643066 50125 [3240, 3440] None
0 1 0.7023935317993164 50125 [3250, 3450] None
0 1 0.790159285068512 50125 [3260, 3460] None
0 1 0.7053549885749817 50125 [3270, 3470] None
0 1 0.7265830039978027 50125 [3280, 3480] None
0 1 0.8000306487083435 50125 [3290, 3490] None
0 1 0.7140119671821594 50125 [3300, 3500] None
0 1 0.7224375605583191 50125 [3310, 3510] None
0 1 0.8449758291244507 50125 [3320, 3520] None
0 1 0.5535644888877869 28628 [960, 1160] None
0 1 0.6455831527709961 28628 [5200, 5400] None
0 1 0.8423107266426086 50608 [0, 200] None
0 1 0.5915054678916931 50608 [3570, 3770] None
0 1 0.7161770462989807 50608 [3580, 3780] None
0 1 0.9158709049224854 50608 [3590, 3790] None
0 1 0.5023043155670166 50608 [3790, 3990] None
0 1 0.695521354675293 48618 [1070, 1270] None
0 1 0.5949068069458008 48618 [1080, 1280] None
0 1 0.5988505482673645 48618 [1090, 1290] None
0 1 0.7142780423164368 48618 [1100, 1300] None
0 1 0.687252938747406 48618 [1110, 1310] None
0 1 0.6886531710624695 48618 [1120, 1320] None
0 1 0.7232793569564819 48618 [1130, 1330] None
0 1 0.7036224603652954 48618 [1140, 1340] None
0 1 0.6877285838127136 48618 [1150, 1350] None
0 1 0.7247710227966309 48618 [1160, 1360] None
0 1 0.7060205340385437 48618 [1170, 1370] None
0 1 0.6901748180389404 48618 [1180, 1380] None
0 1 0.7283241748809814 48618 [1190, 1390] None
0 1 0.7087427377700806 48618 [1200, 1400] None
0 1 0.7009552121162415 48618 [1210, 1410] None
0 1 0.7518504858016968 48618 [1220, 1420] None
0 1 0.7311614751815796 48618 [1230, 1430] None
0 1 0.6996163129806519 48618 [1240, 1440] None
0 1 0.7623117566108704 48618 [1250, 1450] None
0 1 0.5756779909133911 48618 [2740, 2940] None
0 1 0.7403908371925354 48618 [2750, 2950] None
0 1 0.6946638822555542 48618 [2760, 2960] None
0 1 0.7241246104240417 48618 [2770, 2970] None
0 1 0.8499685525894165 48618 [2780, 2980] None
0 1 0.7998404502868652 48618 [2790, 2990] None
0 1 0.843500554561615 48618 [2800, 3000] None
0 1 0.8354473114013672 48618 [2810, 3010] None
0 1 0.8003077507019043 48618 [2820, 3020] None
0 1 0.8319587111473083 48618 [2830, 3030] None
0 1 0.8146138787269592 48618 [2840, 3040] None
0 1 0.7870206236839294 48618 [2850, 3050] None
0 1 0.8051527738571167 48618 [2860, 3060] None
0 1 0.8201120495796204 48618 [2870, 3070] None
0 1 0.8711575865745544 48618 [2880, 3080] None
0 1 0.9273037910461426 48618 [2890, 3090] None
0 1 0.5738607048988342 48618 [5530, 5730] None
0 1 0.5469873547554016 48618 [5550, 5750] None
0 1 0.616706907749176 48618 [5560, 5760] None
0 1 0.5928144454956055 48618 [5570, 5770] None
0 1 0.5040729641914368 50113 [860, 1060] None
0 1 0.5369052886962891 50113 [890, 1090] None
0 1 0.544893205165863 50113 [920, 1120] None
0 1 0.5507737994194031 50113 [940, 1140] None
0 1 0.5918560028076172 50113 [950, 1150] None
0 1 0.550669252872467 50113 [970, 1170] None
0 1 0.6482058167457581 50113 [980, 1180] None
0 1 0.720862090587616 50113 [1780, 1980] None
0 1 0.7327179312705994 50113 [2550, 2750] None
0 1 0.8548934459686279 50113 [2560, 2760] None
0 1 0.9497537612915039 50113 [2570, 2770] None
0 1 0.9266267418861389 50113 [2580, 2780] None
0 1 0.9220534563064575 50113 [2590, 2790] None
0 1 0.9489350914955139 50113 [2600, 2800] None
0 1 0.9217532277107239 50113 [2610, 2810] None
0 1 0.9141476154327393 50113 [2620, 2820] None
0 1 0.9140480160713196 50113 [2630, 2830] None
0 1 0.944010853767395 50113 [2640, 2840] None
0 1 0.919010579586029 50113 [2650, 2850] None
0 1 0.9108019471168518 50113 [2660, 2860] None
0 1 0.941062331199646 50113 [2670, 2870] None
0 1 0.921667754650116 50113 [2680, 2880] None
0 1 0.9104880690574646 50113 [2690, 2890] None
0 1 0.940464437007904 50113 [2700, 2900] None
0 1 0.924088180065155 50113 [2710, 2910] None
0 1 0.9159401655197144 50113 [2720, 2920] None
0 1 0.9657471179962158 50113 [2730, 2930] None
0 1 0.9282945394515991 50113 [2740, 2940] None
0 1 0.9010562300682068 50113 [2750, 2950] None
0 1 0.9253684282302856 50113 [2760, 2960] None
0 1 0.9347875714302063 50113 [2770, 2970] None
0 1 0.8841125965118408 50113 [2780, 2980] None
0 1 0.9361100792884827 50113 [2790, 2990] None
0 1 0.6264466047286987 03506 [50, 250] None
0 1 0.6350488662719727 03506 [60, 260] None
0 1 0.7328977584838867 03506 [70, 270] None
0 1 0.7266706228256226 03506 [80, 280] None
0 1 0.7072775959968567 03506 [90, 290] None
0 1 0.7921637892723083 03506 [100, 300] None
0 1 0.790617048740387 03506 [110, 310] None
0 1 0.719923734664917 03506 [120, 320] None
0 1 0.7940966486930847 03506 [130, 330] None
0 1 0.7939934134483337 03506 [140, 340] None
0 1 0.7234792113304138 03506 [150, 350] None
0 1 0.8039537668228149 03506 [160, 360] None
0 1 0.8117974400520325 03506 [170, 370] None
0 1 0.7656875848770142 03506 [180, 380] None
0 1 0.8318597674369812 03506 [190, 390] None
0 1 0.8351252675056458 03506 [200, 400] None
0 1 0.687836766242981 03506 [210, 410] None
0 1 0.7327091693878174 03506 [1160, 1360] None
0 1 0.5659417510032654 03506 [1170, 1370] None
0 1 0.5926263928413391 03506 [1180, 1380] None
0 1 0.6911148428916931 03506 [1190, 1390] None
0 1 0.5208566188812256 03506 [1200, 1400] None
0 1 0.5539409518241882 03506 [1210, 1410] None
0 1 0.6853906512260437 03506 [1220, 1420] None
0 1 0.5182310342788696 03506 [1230, 1430] None
0 1 0.5105348825454712 03506 [1240, 1440] None
0 1 0.7074984312057495 03506 [1250, 1450] None
0 1 0.6698606014251709 03506 [1260, 1460] None
0 1 0.6461661458015442 03506 [1660, 1860] None
0 1 0.5637465119361877 03506 [2510, 2710] None
0 1 0.5757231116294861 03506 [2540, 2740] None
0 1 0.5631059408187866 03506 [2570, 2770] None
0 1 0.5589717626571655 03506 [2600, 2800] None
0 1 0.8061245679855347 03506 [2620, 2820] None
0 1 0.8235594630241394 03506 [2630, 2830] None
0 1 0.8053809404373169 03506 [2640, 2840] None
0 1 0.9064100980758667 03506 [2650, 2850] None
0 1 0.8825647234916687 03506 [2660, 2860] None
0 1 0.8733553886413574 03506 [2670, 2870] None
0 1 0.8983101844787598 03506 [2680, 2880] None
0 1 0.8816322088241577 03506 [2690, 2890] None
0 1 0.8684568405151367 03506 [2700, 2900] None
0 1 0.8639079928398132 03506 [2710, 2910] None
0 1 0.8690637350082397 03506 [2720, 2920] None
0 1 0.762580156326294 03506 [2730, 2930] None
0 1 0.8359873294830322 03506 [2740, 2940] None
0 1 0.8301559686660767 03506 [2750, 2950] None
0 1 0.7654935121536255 03506 [2760, 2960] None
0 1 0.8300026059150696 03506 [2770, 2970] None
0 1 0.8499165773391724 03506 [2780, 2980] None
0 1 0.8245384693145752 03506 [2790, 2990] None
0 1 0.9294927716255188 03506 [2800, 3000] None
0 1 0.6402735710144043 03506 [2810, 3010] None
0 1 0.7453367114067078 03506 [2820, 3020] None
0 1 0.7465969920158386 03506 [2830, 3030] None
0 1 0.6225361227989197 03506 [2840, 3040] None
0 1 0.7443261742591858 03506 [2850, 3050] None
0 1 0.730610728263855 03506 [2860, 3060] None
0 1 0.595192551612854 03506 [2870, 3070] None
0 1 0.7379742860794067 03506 [2880, 3080] None
0 1 0.7293801307678223 03506 [2890, 3090] None
0 1 0.6423412561416626 03506 [2900, 3100] None
0 1 0.9697039127349854 13401 [720, 920] None
0 1 0.9629355072975159 13401 [730, 930] None
0 1 0.973757803440094 13401 [740, 940] None
0 1 0.9709199070930481 13401 [750, 950] None
0 1 0.9600450992584229 13401 [760, 960] None
0 1 0.9755938649177551 13401 [770, 970] None
0 1 0.7598235011100769 13401 [780, 980] None
0 1 0.827360987663269 13401 [1210, 1410] None
0 1 0.8207582235336304 13401 [1220, 1420] None
0 1 0.8217718601226807 13401 [1230, 1430] None
0 1 0.6397458910942078 13401 [1240, 1440] None
0 1 0.6039411425590515 13401 [1250, 1450] None
0 1 0.5122954845428467 13401 [1260, 1460] None
0 1 0.9635205268859863 13401 [2020, 2220] None
0 1 0.9809466004371643 13401 [2030, 2230] None
0 1 0.9820016622543335 13401 [2040, 2240] None
0 1 0.9809175729751587 13401 [2050, 2250] None
0 1 0.9815311431884766 13401 [2060, 2260] None
0 1 0.9819391369819641 13401 [2070, 2270] None
0 1 0.9807332754135132 13401 [2080, 2280] None
0 1 0.9814668297767639 13401 [2090, 2290] None
0 1 0.9818868637084961 13401 [2100, 2300] None
0 1 0.9805119037628174 13401 [2110, 2310] None
0 1 0.9813015460968018 13401 [2120, 2320] None
0 1 0.9819394946098328 13401 [2130, 2330] None
0 1 0.9799755215644836 13401 [2140, 2340] None
0 1 0.981451690196991 13401 [2150, 2350] None
0 1 0.9832144975662231 13401 [2160, 2360] None
0 1 0.9825307726860046 13401 [2170, 2370] None
0 1 0.9840964078903198 13401 [2180, 2380] None
0 1 0.984489917755127 13401 [2190, 2390] None
0 1 0.98097825050354 13401 [2200, 2400] None
0 1 0.8886184692382812 13401 [2210, 2410] None
0 1 0.9079310297966003 13401 [2220, 2420] None
0 1 0.9231559038162231 13401 [2230, 2430] None
0 1 0.8803443908691406 13401 [2240, 2440] None
0 1 0.8599923849105835 13401 [2250, 2450] None
0 1 0.8809254169464111 13401 [2260, 2460] None
0 1 0.8708162903785706 13401 [2270, 2470] None
0 1 0.8875806331634521 13401 [2280, 2480] None
0 1 0.8642306327819824 13401 [2290, 2490] None
0 1 0.8710207343101501 13401 [2300, 2500] None
0 1 0.550318717956543 13401 [2890, 3090] None
0 1 0.5460256934165955 13401 [2900, 3100] None
0 1 0.5225821137428284 13401 [2920, 3120] None
0 1 0.5404778718948364 13401 [2930, 3130] None
0 1 0.5409975647926331 13401 [2960, 3160] None
0 1 0.5243821740150452 13401 [2990, 3190] None
0 1 0.5078504085540771 13401 [3020, 3220] None
0 1 0.5108007788658142 13401 [3050, 3250] None
0 1 0.5171548128128052 13401 [3790, 3990] None
0 1 0.74226975440979 13401 [3800, 4000] None
0 1 0.649817943572998 13401 [3810, 4010] None
0 1 0.7911405563354492 13401 [3820, 4020] None
0 1 0.8990316390991211 13401 [3830, 4030] None
0 1 0.9501473903656006 13401 [3840, 4040] None
0 1 0.8696737885475159 13401 [4870, 5070] None
0 1 0.9102617502212524 13401 [4880, 5080] None
0 1 0.6477787494659424 47406 [2530, 2730] None
0 1 0.9225790500640869 47406 [3950, 4150] None
0 1 0.9600794911384583 47406 [3960, 4160] None
0 1 0.957454264163971 47406 [3970, 4170] None
0 1 0.9706699252128601 47406 [3980, 4180] None
0 1 0.9702069163322449 47406 [3990, 4190] None
0 1 0.9660437703132629 47406 [4000, 4200] None
0 1 0.9764521718025208 47406 [4010, 4210] None
0 1 0.9755331873893738 47406 [4020, 4220] None
0 1 0.9679222106933594 47406 [4030, 4230] None
0 1 0.9766494035720825 47406 [4040, 4240] None
0 1 0.9760277271270752 47406 [4050, 4250] None
0 1 0.9680954217910767 47406 [4060, 4260] None
0 1 0.9769396781921387 47406 [4070, 4270] None
0 1 0.9768327474594116 47406 [4080, 4280] None
0 1 0.9692261815071106 47406 [4090, 4290] None
0 1 0.9772002100944519 47406 [4100, 4300] None
0 1 0.9763810634613037 47406 [4110, 4310] None
0 1 0.9686815738677979 47406 [4120, 4320] None
0 1 0.9775069952011108 47406 [4130, 4330] None
0 1 0.6031538248062134 47406 [4180, 4380] None
0 1 0.745822012424469 47406 [4190, 4390] None
0 1 0.7987780570983887 47406 [4200, 4400] None
0 1 0.798107922077179 47406 [4210, 4410] None
0 1 0.8041221499443054 47406 [4220, 4420] None
0 1 0.840951681137085 47406 [4230, 4430] None
0 1 0.8551523685455322 47406 [4240, 4440] None
0 1 0.87189781665802 47406 [4250, 4450] None
0 1 0.8790117502212524 47406 [4260, 4460] None
0 1 0.8662633299827576 47406 [4270, 4470] None
0 1 0.8894041180610657 47406 [4280, 4480] None
0 1 0.8931207656860352 47406 [4290, 4490] None
0 1 0.8797152042388916 47406 [4300, 4500] None
0 1 0.8939803242683411 47406 [4310, 4510] None
0 1 0.8997622728347778 47406 [4320, 4520] None
0 1 0.9099674820899963 47406 [4330, 4530] None
0 1 0.9284438490867615 47406 [4340, 4540] None
0 1 0.9329152703285217 47406 [4350, 4550] None
0 1 0.5254532098770142 47406 [4360, 4560] None
0 1 0.5674187541007996 47406 [4370, 4570] None
0 1 0.7501559257507324 47406 [4450, 4650] None
0 1 0.6570291519165039 47406 [5050, 5250] None
0 1 0.5050673484802246 03526 [2330, 2530] None
0 1 0.5044273138046265 03526 [2630, 2830] None
0 1 0.6281618475914001 03526 [2660, 2860] None
0 1 0.5512650609016418 03526 [2690, 2890] None
0 1 0.5969057679176331 03526 [2720, 2920] None
0 1 0.5209420323371887 03526 [2740, 2940] None
0 1 0.57890784740448 03526 [2750, 2950] None
0 1 0.6642000079154968 03526 [3400, 3600] None
0 1 0.5543904900550842 03526 [4430, 4630] None
0 1 0.5312243700027466 03526 [4440, 4640] None
0 1 0.5797386169433594 03526 [4930, 5130] None
0 1 0.5115338563919067 03526 [4940, 5140] None
0 1 0.5828654766082764 03526 [4960, 5160] None
0 1 0.5113614201545715 03526 [4970, 5170] None
0 1 0.5035225749015808 03526 [4980, 5180] None
0 1 0.6127503514289856 03526 [4990, 5190] None
0 1 0.5619093775749207 03526 [5000, 5200] None
0 1 0.5606589913368225 03526 [5010, 5210] None
0 1 0.6518221497535706 03526 [5020, 5220] None
0 1 0.605128824710846 03526 [5030, 5230] None
0 1 0.5080907940864563 03526 [5200, 5400] None
0 1 0.5226485729217529 48617 [520, 720] None
0 1 0.5663045048713684 48617 [550, 750] None
0 1 0.5261595249176025 48617 [560, 760] None
0 1 0.7335302829742432 48617 [1630, 1830] None
0 1 0.734630286693573 48617 [1640, 1840] None
0 1 0.8655935525894165 48617 [1650, 1850] None
0 1 0.805640459060669 48617 [1660, 1860] None
0 1 0.7428160309791565 48617 [1670, 1870] None
0 1 0.8610495924949646 48617 [1680, 1880] None
0 1 0.7992616295814514 48617 [1690, 1890] None
0 1 0.7170934081077576 48617 [1700, 1900] None
0 1 0.8564062714576721 48617 [1710, 1910] None
0 1 0.7891537547111511 48617 [1720, 1920] None
0 1 0.7029279470443726 48617 [1730, 1930] None
0 1 0.8500308990478516 48617 [1740, 1940] None
0 1 0.7695834636688232 48617 [1750, 1950] None
0 1 0.6638653874397278 48617 [1760, 1960] None
0 1 0.8330425024032593 48617 [1770, 1970] None
0 1 0.7454829216003418 48617 [1780, 1980] None
0 1 0.5464480519294739 48617 [1790, 1990] None
0 1 0.7462206482887268 48617 [1800, 2000] None
0 1 0.8564125299453735 48617 [1810, 2010] None
0 1 0.6906981468200684 48617 [2380, 2580] None
0 1 0.541043758392334 48617 [2720, 2920] None
0 1 0.5679432153701782 48617 [2750, 2950] None
0 1 0.569800078868866 48617 [2780, 2980] None
0 1 0.5691892504692078 48617 [2790, 2990] None
0 1 0.5586097836494446 48617 [2820, 3020] None
0 1 0.5445418357849121 48617 [2850, 3050] None
0 1 0.74512779712677 48617 [3970, 4170] None
0 1 0.6979473233222961 48617 [3980, 4180] None
0 1 0.5913482904434204 48617 [3990, 4190] None
0 1 0.8022564649581909 48617 [4000, 4200] None
0 1 0.7001033425331116 48617 [4010, 4210] None
0 1 0.5492663979530334 48617 [4020, 4220] None
0 1 0.800422728061676 48617 [4030, 4230] None
0 1 0.6951428651809692 48617 [4040, 4240] None
0 1 0.5574760437011719 48617 [4050, 4250] None
0 1 0.8003951907157898 48617 [4060, 4260] None
0 1 0.712961733341217 48617 [4070, 4270] None
0 1 0.5910130143165588 48617 [4080, 4280] None
0 1 0.8028686046600342 48617 [4090, 4290] None
0 1 0.7140260934829712 48617 [4100, 4300] None
0 1 0.6702442765235901 48617 [4110, 4310] None
0 1 0.6619790196418762 48617 [4120, 4320] None
0 1 0.8002112507820129 48617 [4130, 4330] None
0 1 0.902471125125885 48617 [4140, 4340] None
0 1 0.8524711728096008 48617 [4150, 4350] None
0 1 0.880988359451294 48617 [4160, 4360] None
0 1 0.8889431357383728 48617 [4170, 4370] None
0 1 0.8433252573013306 48617 [4180, 4380] None
0 1 0.8865221738815308 48617 [4190, 4390] None
0 1 0.8908233046531677 48617 [4200, 4400] None
0 1 0.8172350525856018 48617 [4210, 4410] None
0 1 0.8742062449455261 48617 [4220, 4420] None
0 1 0.8861930966377258 48617 [4230, 4430] None
0 1 0.779317319393158 48617 [4240, 4440] None
0 1 0.8480441570281982 48617 [4250, 4450] None
0 1 0.870399534702301 48617 [4260, 4460] None
0 1 0.8196606040000916 48617 [4270, 4470] None
0 1 0.9052493572235107 48617 [4280, 4480] None
0 1 0.9412607550621033 48617 [4290, 4490] None
0 1 0.6212639212608337 48617 [5100, 5300] None
0 1 0.6129463315010071 48617 [5110, 5310] None
0 1 0.8597322702407837 48617 [5120, 5320] None
0 1 0.8303651809692383 48617 [5130, 5330] None
0 1 0.6117063164710999 48617 [5140, 5340] None
0 1 0.856094479560852 48617 [5150, 5350] None
0 1 0.8374477028846741 48617 [5160, 5360] None
0 1 0.5771802067756653 48617 [5170, 5370] None
0 1 0.6677045822143555 48617 [5180, 5380] None
0 1 0.7691465020179749 48617 [5190, 5390] None
0 1 0.8853354454040527 48617 [5200, 5400] None
0 1 0.9333934783935547 48617 [5210, 5410] None
0 1 0.9287298917770386 48617 [5220, 5420] None
0 1 0.8089451789855957 48617 [5230, 5430] None
0 1 0.893763542175293 48617 [5240, 5440] None
0 1 0.9287977814674377 48617 [5250, 5450] None
0 1 0.9333930611610413 48617 [5260, 5460] None
0 1 0.502214252948761 48617 [5370, 5570] None
0 1 0.5321645736694336 48617 [5390, 5590] None
0 1 0.5798508524894714 48617 [5400, 5600] None
0 1 0.6257899403572083 48617 [5410, 5610] None
0 1 0.653221845626831 48617 [5420, 5620] None
0 1 0.6307733058929443 48617 [5430, 5630] None
0 1 0.5482369065284729 48617 [5440, 5640] None
0 1 0.5932619571685791 48617 [5450, 5650] None
0 1 0.565834641456604 48617 [5460, 5660] None
0 1 0.5811165571212769 48617 [5470, 5670] None
0 1 0.6099537014961243 48617 [5480, 5680] None
0 1 0.5835724472999573 48617 [5490, 5690] None
0 1 0.622311532497406 48617 [5500, 5700] None
0 1 0.7144379019737244 48617 [5510, 5710] None
0 1 0.7422496676445007 48617 [5520, 5720] None
0 1 0.7040221691131592 01214 [0, 200] None
0 1 0.7036042213439941 01214 [10, 210] None
0 1 0.7007833123207092 01214 [20, 220] None
0 1 0.779461681842804 01214 [30, 230] None
0 1 0.7253761887550354 01214 [40, 240] None
0 1 0.7199046015739441 01214 [50, 250] None
0 1 0.7284471392631531 01214 [280, 480] None
0 1 0.8695911169052124 01214 [290, 490] None
0 1 0.8874639272689819 01214 [300, 500] None
0 1 0.8878686428070068 01214 [310, 510] None
0 1 0.9266515970230103 01214 [320, 520] None
0 1 0.9156752228736877 01214 [330, 530] None
0 1 0.9005002379417419 01214 [340, 540] None
0 1 0.9320605397224426 01214 [350, 550] None
0 1 0.9186945557594299 01214 [360, 560] None
0 1 0.8992413282394409 01214 [370, 570] None
0 1 0.9331251978874207 01214 [380, 580] None
0 1 0.9187383055686951 01214 [390, 590] None
0 1 0.899941623210907 01214 [400, 600] None
0 1 0.9341369867324829 01214 [410, 610] None
0 1 0.9210860729217529 01214 [420, 620] None
0 1 0.9041969180107117 01214 [430, 630] None
0 1 0.9345061779022217 01214 [440, 640] None
0 1 0.8972097635269165 01214 [450, 650] None
0 1 0.5741135478019714 01214 [460, 660] None
0 1 0.8921131491661072 01214 [600, 800] None
0 1 0.9657779335975647 01214 [610, 810] None
0 1 0.9762691259384155 01214 [620, 820] None
0 1 0.9773978590965271 01214 [630, 830] None
0 1 0.9767929315567017 01214 [640, 840] None
0 1 0.9798699617385864 01214 [650, 850] None
0 1 0.9799767732620239 01214 [660, 860] None
0 1 0.9770747423171997 01214 [670, 870] None
0 1 0.9790264368057251 01214 [680, 880] None
0 1 0.9793440699577332 01214 [690, 890] None
0 1 0.9761390686035156 01214 [700, 900] None
0 1 0.9793621301651001 01214 [710, 910] None
0 1 0.9797691106796265 01214 [720, 920] None
0 1 0.9774110913276672 01214 [730, 930] None
0 1 0.980279803276062 01214 [740, 940] None
0 1 0.9805400967597961 01214 [750, 950] None
0 1 0.9772294759750366 01214 [760, 960] None
0 1 0.9790533185005188 01214 [770, 970] None
0 1 0.9810435175895691 01214 [780, 980] None
0 1 0.8580002188682556 01214 [790, 990] None
0 1 0.7068094611167908 01214 [800, 1000] None
0 1 0.5457295775413513 01214 [1210, 1410] None
0 1 0.5327852964401245 01214 [1220, 1420] None
0 1 0.6765276193618774 01214 [1290, 1490] None
0 1 0.6370442509651184 01214 [2590, 2790] None
0 1 0.5412663817405701 01214 [2600, 2800] None
0 1 0.7846906781196594 01214 [2610, 2810] None
0 1 0.7703234553337097 01214 [2620, 2820] None
0 1 0.8049865365028381 01214 [2630, 2830] None
0 1 0.7245315909385681 01214 [2640, 2840] None
0 1 0.7392172813415527 01214 [2650, 2850] None
0 1 0.7804820537567139 01214 [2660, 2860] None
0 1 0.7252092957496643 01214 [2670, 2870] None
0 1 0.6897765398025513 01214 [2680, 2880] None
0 1 0.7720480561256409 01214 [2690, 2890] None
0 1 0.7337762713432312 01214 [2700, 2900] None
0 1 0.7348364591598511 01214 [2710, 2910] None
0 1 0.8941345810890198 01214 [2720, 2920] None
0 1 0.5904135704040527 01214 [2730, 2930] None
0 1 0.5271381139755249 01214 [3170, 3370] None
0 1 0.5677236318588257 01214 [3200, 3400] None
0 1 0.5753202438354492 01214 [3210, 3410] None
0 1 0.5678203701972961 01214 [3220, 3420] None
0 1 0.6723763942718506 01214 [3230, 3430] None
0 1 0.7080577611923218 01214 [4110, 4310] None
0 1 0.9206681251525879 01214 [4120, 4320] None
0 1 0.5326621532440186 48415 [40, 240] None
0 1 0.9520767331123352 48415 [3810, 4010] None
0 1 0.9832803010940552 48415 [3820, 4020] None
0 1 0.9820203185081482 48415 [3830, 4030] None
0 1 0.9797009229660034 48415 [3840, 4040] None
0 1 0.9837700128555298 48415 [3850, 4050] None
0 1 0.9813832640647888 48415 [3860, 4060] None
0 1 0.9790014028549194 48415 [3870, 4070] None
0 1 0.983107328414917 48415 [3880, 4080] None
0 1 0.9809946417808533 48415 [3890, 4090] None
0 1 0.9787476062774658 48415 [3900, 4100] None
0 1 0.9809699058532715 48415 [3910, 4110] None
0 1 0.9744762182235718 48415 [3920, 4120] None
0 1 0.9501559138298035 48415 [3930, 4130] None
0 1 0.9667446613311768 48415 [3940, 4140] None
0 1 0.9710088968276978 48415 [3950, 4150] None
0 1 0.960282564163208 48415 [3960, 4160] None
0 1 0.9705852270126343 48415 [3970, 4170] None
0 1 0.9684990644454956 48415 [3980, 4180] None
0 1 0.9647466540336609 48415 [3990, 4190] None
0 1 0.9184296727180481 48415 [4000, 4200] None
0 1 0.861146867275238 48415 [4010, 4210] None
0 1 0.856030285358429 48415 [4020, 4220] None
0 1 0.902245044708252 48415 [4030, 4230] None
0 1 0.8322673439979553 48415 [4040, 4240] None
0 1 0.8533514142036438 48415 [4050, 4250] None
0 1 0.904037356376648 48415 [4060, 4260] None
0 1 0.8381335735321045 48415 [4070, 4270] None
0 1 0.8697049617767334 48415 [4080, 4280] None
0 1 0.9105464816093445 48415 [4090, 4290] None
0 1 0.8509873747825623 48415 [4100, 4300] None
0 1 0.5181156992912292 13609 [840, 1040] None
0 1 0.7234373092651367 13609 [900, 1100] None
0 1 0.5428686141967773 47403 [4590, 4790] None
0 1 0.6108309626579285 47403 [4620, 4820] None
0 1 0.5181500315666199 47403 [4630, 4830] None
0 1 0.5555629730224609 47403 [4650, 4850] None
0 1 0.5551959872245789 47403 [4680, 4880] None
0 1 0.5631206035614014 47403 [4710, 4910] None
0 1 0.5095678567886353 47403 [4730, 4930] None
0 1 0.7112985849380493 24506 [4130, 4330] None
0 1 0.8930993676185608 24506 [4140, 4340] None
0 1 0.9062449932098389 24506 [4150, 4350] None
0 1 0.9425691366195679 24506 [4160, 4360] None
0 1 0.9162328243255615 24506 [4170, 4370] None
0 1 0.9203463196754456 24506 [4180, 4380] None
0 1 0.9522145390510559 24506 [4190, 4390] None
0 1 0.9213967323303223 24506 [4200, 4400] None
0 1 0.9231209754943848 24506 [4210, 4410] None
0 1 0.9514164924621582 24506 [4220, 4420] None
0 1 0.9143033623695374 24506 [4230, 4430] None
0 1 0.8984917402267456 24506 [4240, 4440] None
0 1 0.9413104057312012 24506 [4250, 4450] None
0 1 0.8770853877067566 24506 [4260, 4460] None
0 1 0.8484320640563965 24506 [4270, 4470] None
0 1 0.9220308661460876 24506 [4280, 4480] None
0 1 0.8030738830566406 24506 [4290, 4490] None
0 1 0.6044919490814209 24506 [4300, 4500] None
0 1 0.7137374877929688 24506 [4310, 4510] None
0 1 0.572306215763092 24506 [5110, 5310] None
0 1 0.9347606301307678 24506 [5120, 5320] None
0 1 0.9775937795639038 24506 [5130, 5330] None
0 1 0.9782024025917053 24506 [5140, 5340] None
0 1 0.9603995680809021 24506 [5150, 5350] None
0 1 0.9812393188476562 24506 [5160, 5360] None
0 1 0.9794589877128601 24506 [5170, 5370] None
0 1 0.9616317749023438 24506 [5180, 5380] None
0 1 0.9813001751899719 24506 [5190, 5390] None
0 1 0.9794216156005859 24506 [5200, 5400] None
0 1 0.9605515599250793 24506 [5210, 5410] None
0 1 0.9814419150352478 24506 [5220, 5420] None
0 1 0.9792638421058655 24506 [5230, 5430] None
0 1 0.9599446654319763 24506 [5240, 5440] None
0 1 0.9813980460166931 24506 [5250, 5450] None
0 1 0.9785727858543396 24506 [5260, 5460] None
0 1 0.9541274309158325 24506 [5270, 5470] None
0 1 0.9793237447738647 24506 [5280, 5480] None
0 1 0.9696249961853027 24506 [5290, 5490] None
0 1 0.8989319205284119 24506 [5300, 5500] None
0 1 0.8961697816848755 24506 [5340, 5540] None
0 1 0.9266524314880371 24506 [5350, 5550] None
0 1 0.960952639579773 24506 [5360, 5560] None
0 1 0.9186529517173767 24506 [5370, 5570] None
0 1 0.9344787001609802 24506 [5380, 5580] None
0 1 0.9571595788002014 24506 [5390, 5590] None
0 1 0.9166826605796814 24506 [5400, 5600] None
0 1 0.9356915950775146 24506 [5410, 5610] None
0 1 0.9585667252540588 24506 [5420, 5620] None
0 1 0.9153417348861694 24506 [5430, 5630] None
0 1 0.8765225410461426 24506 [5440, 5640] None
0 1 0.9539211392402649 24506 [5450, 5650] None
0 1 0.8941577672958374 48410 [1440, 1640] None
0 1 0.9374570250511169 48410 [1450, 1650] None
0 1 0.8978583812713623 48410 [1460, 1660] None
0 1 0.9434481859207153 48410 [1470, 1670] None
0 1 0.9436920881271362 48410 [1480, 1680] None
0 1 0.8985229134559631 48410 [1490, 1690] None
0 1 0.944024384021759 48410 [1500, 1700] None
0 1 0.9447179436683655 48410 [1510, 1710] None
0 1 0.9001811146736145 48410 [1520, 1720] None
0 1 0.9446275234222412 48410 [1530, 1730] None
0 1 0.9448641538619995 48410 [1540, 1740] None
0 1 0.9003830552101135 48410 [1550, 1750] None
0 1 0.9440701603889465 48410 [1560, 1760] None
0 1 0.941831648349762 48410 [1570, 1770] None
0 1 0.8924934267997742 48410 [1580, 1780] None
0 1 0.9442145824432373 48410 [1590, 1790] None
0 1 0.9442641735076904 48410 [1600, 1800] None
0 1 0.8953701257705688 48410 [1610, 1810] None
0 1 0.9257278442382812 48410 [1620, 1820] None
0 1 0.7113868594169617 48410 [4130, 4330] None
0 1 0.8171373605728149 48410 [4140, 4340] None
0 1 0.8290174007415771 48410 [4150, 4350] None
0 1 0.8718332648277283 48410 [4160, 4360] None
0 1 0.8430160880088806 48410 [4170, 4370] None
0 1 0.8202871084213257 48410 [4180, 4380] None
0 1 0.8821544051170349 48410 [4190, 4390] None
0 1 0.8624213933944702 48410 [4200, 4400] None
0 1 0.8597492575645447 48410 [4210, 4410] None
0 1 0.9021903276443481 48410 [4220, 4420] None
0 1 0.8919369578361511 48410 [4230, 4430] None
0 1 0.8659721612930298 48410 [4240, 4440] None
0 1 0.9036057591438293 48410 [4250, 4450] None
0 1 0.8912357687950134 48410 [4260, 4460] None
0 1 0.8662856817245483 48410 [4270, 4470] None
0 1 0.9064804315567017 48410 [4280, 4480] None
0 1 0.8952811360359192 48410 [4290, 4490] None
0 1 0.8751928806304932 48410 [4300, 4500] None
0 1 0.9138323068618774 48410 [4310, 4510] None
0 1 0.9076244235038757 48410 [4320, 4520] None
0 1 0.876825213432312 48410 [4330, 4530] None
0 1 0.9063851237297058 48410 [4340, 4540] None
0 1 0.892708420753479 48410 [4350, 4550] None
0 1 0.7633652091026306 48410 [4360, 4560] None
0 1 0.9089819192886353 48410 [4370, 4570] None
0 1 0.7759557962417603 49507 [470, 670] None
0 1 0.5401471257209778 49507 [930, 1130] None
0 1 0.5099925398826599 49507 [940, 1140] None
0 1 0.5512748956680298 49507 [960, 1160] None
0 1 0.5106990933418274 49507 [970, 1170] None
0 1 0.5454016327857971 49507 [990, 1190] None
0 1 0.5169627666473389 49507 [1000, 1200] None
0 1 0.549749493598938 49507 [1020, 1220] None
0 1 0.5177721381187439 49507 [1030, 1230] None
0 1 0.555451512336731 49507 [1050, 1250] None
0 1 0.5239067673683167 49507 [1060, 1260] None
0 1 0.6147506237030029 49507 [1080, 1280] None
0 1 0.5852936506271362 49507 [1090, 1290] None
0 1 0.5577251315116882 49507 [1260, 1460] None
0 1 0.5808101296424866 49507 [1290, 1490] None
0 1 0.5835868716239929 49507 [1320, 1520] None
0 1 0.5816158652305603 49507 [1350, 1550] None
0 1 0.6543194055557251 49507 [2490, 2690] None
0 1 0.6366163492202759 49507 [2500, 2700] None
0 1 0.6949291825294495 49507 [2520, 2720] None
0 1 0.6570868492126465 49507 [2530, 2730] None
0 1 0.6957240700721741 49507 [2550, 2750] None
0 1 0.66994309425354 49507 [2560, 2760] None
0 1 0.6883434057235718 49507 [2580, 2780] None
0 1 0.6627779006958008 49507 [2590, 2790] None
0 1 0.7433176040649414 49507 [2610, 2810] None
0 1 0.7409362196922302 49507 [2620, 2820] None
0 1 0.5573827624320984 49507 [2630, 2830] None
0 1 0.7053380608558655 49507 [2640, 2840] None
0 1 0.6483330130577087 49507 [2650, 2850] None
0 1 0.6919699311256409 50305 [640, 840] None
0 1 0.8033784627914429 50305 [650, 850] None
0 1 0.6141808032989502 50305 [660, 860] None
0 1 0.7647513747215271 50305 [670, 870] None
0 1 0.8149045705795288 50305 [680, 880] None
0 1 0.6292733550071716 50305 [690, 890] None
0 1 0.7715221643447876 50305 [700, 900] None
0 1 0.8172892928123474 50305 [710, 910] None
0 1 0.6307679414749146 50305 [720, 920] None
0 1 0.7601849436759949 50305 [730, 930] None
0 1 0.8046975135803223 50305 [740, 940] None
0 1 0.6220113635063171 50305 [750, 950] None
0 1 0.78274005651474 50305 [760, 960] None
0 1 0.8347038626670837 50305 [770, 970] None
0 1 0.668381929397583 50305 [780, 980] None
0 1 0.8018683195114136 50305 [790, 990] None
0 1 0.8389759063720703 50305 [800, 1000] None
0 1 0.7712666988372803 01412 [800, 1000] None
0 1 0.9036269187927246 01412 [810, 1010] None
0 1 0.8527107834815979 01412 [820, 1020] None
0 1 0.9057507514953613 01412 [830, 1030] None
0 1 0.8942529559135437 01412 [840, 1040] None
0 1 0.8954240083694458 01412 [850, 1050] None
0 1 0.9547783136367798 01412 [860, 1060] None
0 1 0.9415462017059326 01412 [870, 1070] None
0 1 0.946984052658081 01412 [880, 1080] None
0 1 0.9533750414848328 01412 [890, 1090] None
0 1 0.9428741335868835 01412 [900, 1100] None
0 1 0.949446439743042 01412 [910, 1110] None
0 1 0.9568330645561218 01412 [920, 1120] None
0 1 0.9440882205963135 01412 [930, 1130] None
0 1 0.9487757086753845 01412 [940, 1140] None
0 1 0.95500248670578 01412 [950, 1150] None
0 1 0.9485427737236023 01412 [960, 1160] None
0 1 0.9579235911369324 01412 [970, 1170] None
0 1 0.9718506932258606 01412 [980, 1180] None
0 1 0.9723591208457947 01412 [990, 1190] None
0 1 0.5675432682037354 01412 [4700, 4900] None
0 1 0.7865874767303467 49405 [1610, 1810] None
0 1 0.9642252326011658 49405 [1620, 1820] None
0 1 0.9530807733535767 49405 [1630, 1830] None
0 1 0.9512484073638916 49405 [1640, 1840] None
0 1 0.9689912796020508 49405 [1650, 1850] None
0 1 0.9564960598945618 49405 [1660, 1860] None
0 1 0.9517336487770081 49405 [1670, 1870] None
0 1 0.9726899862289429 49405 [1680, 1880] None
0 1 0.9632789492607117 49405 [1690, 1890] None
0 1 0.9611791372299194 49405 [1700, 1900] None
0 1 0.9740779995918274 49405 [1710, 1910] None
0 1 0.9663273096084595 49405 [1720, 1920] None
0 1 0.9620857834815979 49405 [1730, 1930] None
0 1 0.9752911329269409 49405 [1740, 1940] None
0 1 0.968661904335022 49405 [1750, 1950] None
0 1 0.9670940637588501 49405 [1760, 1960] None
0 1 0.9769750833511353 49405 [1770, 1970] None
0 1 0.9654070138931274 49405 [1780, 1980] None
0 1 0.9660579562187195 49405 [1790, 1990] None
0 1 0.6185044050216675 49405 [3480, 3680] None
0 1 0.5062687397003174 49405 [3550, 3750] None
0 1 0.505158543586731 49405 [4180, 4380] None
0 1 0.5401071906089783 49405 [4200, 4400] None
0 1 0.5436320304870605 49405 [4210, 4410] None
0 1 0.5422989726066589 49405 [4230, 4430] None
0 1 0.5381839871406555 49405 [4240, 4440] None
0 1 0.5284303426742554 49405 [4260, 4460] None
0 1 0.5219278335571289 49405 [4270, 4470] None
0 1 0.5237948894500732 49405 [4290, 4490] None
0 1 0.5185999274253845 49405 [4300, 4500] None
0 1 0.5258809328079224 49405 [4320, 4520] None
0 1 0.5307520031929016 49405 [4330, 4530] None
0 1 0.5231041312217712 49405 [4350, 4550] None
