true_label pred_label pred_prob file time_range filler
1 0 0.0005661160103045404 50105 [2070, 2270] [2251.0, 2262.7]
1 0 0.0006749571184627712 50105 [2080, 2280] [2251.0, 2262.7]
1 0 0.00045127945486456156 50105 [2090, 2290] [2251.0, 2262.7]
1 0 0.0005651609390042722 50105 [2100, 2300] [2251.0, 2262.7]
1 0 0.0008646650239825249 50105 [2110, 2310] [2251.0, 2262.7]
1 0 0.0004954003379680216 50105 [2120, 2320] [2251.0, 2262.7]
1 0 0.0006883777095936239 50105 [2130, 2330] [2251.0, 2262.7]
1 0 0.0009593578870408237 50105 [2140, 2340] [2251.0, 2262.7]
1 0 0.0004930299473926425 50105 [2150, 2350] [2251.0, 2262.7]
1 0 0.0004508157726377249 50105 [2160, 2360] [2251.0, 2262.7]
1 0 0.0006660164217464626 50105 [2170, 2370] [2251.0, 2262.7]
1 0 0.000418113952036947 50105 [2180, 2380] [2251.0, 2262.7]
1 0 0.0004686887259595096 50105 [2190, 2390] [2251.0, 2262.7]
1 0 0.000678555981721729 50105 [2200, 2400] [2251.0, 2262.7]
1 0 0.0004159974923823029 50105 [2210, 2410] [2251.0, 2262.7]
1 0 0.00046641018707305193 50105 [2220, 2420] [2251.0, 2262.7]
1 0 0.0007451741257682443 50105 [2230, 2430] [2251.0, 2262.7]
1 0 0.00035896821646019816 50105 [2240, 2440] [2251.0, 2262.7]
1 0 0.0003308758314233273 50105 [2250, 2450] [2251.0, 2262.7]
1 0 0.023999512195587158 47313 [1520, 1720] [1678.1, 1712.8]
1 0 0.0093774339184165 47313 [1540, 1740] [1678.1, 1712.8]
1 0 0.02581840008497238 47313 [1550, 1750] [1678.1, 1712.8]
1 0 0.010157481767237186 47313 [1570, 1770] [1678.1, 1712.8]
1 0 0.03314461559057236 47313 [1580, 1780] [1678.1, 1712.8]
1 0 0.00873526744544506 47313 [1600, 1800] [1678.1, 1712.8]
1 0 0.05241970717906952 47313 [1610, 1810] [1678.1, 1712.8]
1 0 0.010005887597799301 47313 [1630, 1830] [1678.1, 1712.8]
1 0 0.04526745527982712 47313 [1640, 1840] [1678.1, 1712.8]
1 0 0.2229956090450287 47313 [1660, 1860] [1678.1, 1712.8]
1 0 0.09520638734102249 47313 [1670, 1870] [1678.1, 1712.8]
1 0 0.3341953456401825 44603 [0, 200] [59.58430903268018, 99.9029322635077]
1 0 0.3786923587322235 44603 [10, 210] [59.58430903268018, 99.9029322635077]
1 0 0.2252756804227829 44603 [1710, 1910] [1867.027747167602, 1903.004364819725]
1 0 0.024168208241462708 44603 [1720, 1920] [1867.027747167602, 1903.004364819725]
1 0 0.20356795191764832 44603 [1730, 1930] [1867.027747167602, 1903.004364819725]
1 0 0.3711118996143341 44603 [1740, 1940] [1867.027747167602, 1903.004364819725]
1 0 0.11755921691656113 44603 [1750, 1950] [1867.027747167602, 1903.004364819725]
1 0 0.30210813879966736 44603 [1760, 1960] [1867.027747167602, 1903.004364819725]
1 0 0.15375296771526337 44603 [1780, 1980] [1867.027747167602, 1903.004364819725]
1 0 0.42728498578071594 44603 [1790, 1990] [1867.027747167602, 1903.004364819725]
1 0 0.15367157757282257 44603 [1810, 2010] [1867.027747167602, 1903.004364819725]
1 0 0.4609585404396057 44603 [1820, 2020] [1867.027747167602, 1903.004364819725]
1 0 0.40702131390571594 44603 [1830, 2030] [1867.027747167602, 1903.004364819725]
1 0 0.17975753545761108 44603 [1840, 2040] [1867.027747167602, 1903.004364819725]
1 0 0.08221521973609924 44603 [2810, 3010] [2978.7641189434894, 3004.8161524157167]
1 0 0.21331815421581268 44603 [2820, 3020] [2978.7641189434894, 3004.8161524157167]
1 0 0.19946596026420593 44603 [2830, 3030] [2978.7641189434894, 3004.8161524157167]
1 0 0.20258313417434692 44603 [2840, 3040] [2978.7641189434894, 3004.8161524157167]
1 0 0.33721157908439636 44603 [2850, 3050] [2978.7641189434894, 3004.8161524157167]
1 0 0.1288505494594574 44603 [2860, 3060] [2978.7641189434894, 3004.8161524157167]
1 0 0.00855459738522768 44603 [2870, 3070] [2978.7641189434894, 3004.8161524157167]
1 0 0.00425883149728179 44603 [2880, 3080] [2978.7641189434894, 3004.8161524157167]
1 0 0.0036886732559651136 44603 [2890, 3090] [2978.7641189434894, 3004.8161524157167]
1 0 0.001709761912934482 44603 [2900, 3100] [2978.7641189434894, 3004.8161524157167]
1 0 0.0017222367459908128 44603 [2910, 3110] [2978.7641189434894, 3004.8161524157167]
1 0 0.00848133210092783 44603 [2920, 3120] [2978.7641189434894, 3004.8161524157167]
1 0 0.0014499581884592772 44603 [2930, 3130] [2978.7641189434894, 3004.8161524157167]
1 0 0.0012147149536758661 44603 [2940, 3140] [2978.7641189434894, 3004.8161524157167]
1 0 0.0014019299997016788 44603 [2950, 3150] [2978.7641189434894, 3004.8161524157167]
1 0 0.0012218945194035769 44603 [2960, 3160] [2978.7641189434894, 3004.8161524157167]
1 0 0.0009401426650583744 44603 [2970, 3170] [2978.7641189434894, 3004.8161524157167]
1 0 0.00034710561158135533 44603 [4040, 4240] [4210.398731016908, 4230.2478993767]
1 0 0.0006737014045938849 44603 [4050, 4250] [4210.398731016908, 4230.2478993767]
1 0 0.0004247853357810527 44603 [4060, 4260] [4210.398731016908, 4230.2478993767]
1 0 0.00040341101703234017 44603 [4070, 4270] [4210.398731016908, 4230.2478993767]
1 0 0.0005089333280920982 44603 [4080, 4280] [4210.398731016908, 4230.2478993767]
1 0 0.00032638097763992846 44603 [4090, 4290] [4210.398731016908, 4230.2478993767]
1 0 0.0003600117634050548 44603 [4100, 4300] [4210.398731016908, 4230.2478993767]
1 0 0.000580896157771349 44603 [4110, 4310] [4210.398731016908, 4230.2478993767]
1 0 0.0005237814038991928 44603 [4120, 4320] [4210.398731016908, 4230.2478993767]
1 0 0.0004945796099491417 44603 [4130, 4330] [4210.398731016908, 4230.2478993767]
1 0 0.0006139263277873397 44603 [4140, 4340] [4210.398731016908, 4230.2478993767]
1 0 0.0005090822232887149 44603 [4150, 4350] [4210.398731016908, 4230.2478993767]
1 0 0.0003965555224567652 44603 [4160, 4360] [4210.398731016908, 4230.2478993767]
1 0 0.0005048278835602105 44603 [4170, 4370] [4210.398731016908, 4230.2478993767]
1 0 0.00045324748498387635 44603 [4180, 4380] [4210.398731016908, 4230.2478993767]
1 0 0.0005715523730032146 44603 [4190, 4390] [4210.398731016908, 4230.2478993767]
1 0 0.000546638504602015 44603 [4200, 4400] [4210.398731016908, 4230.2478993767]
1 0 0.00047915949835442007 44603 [4210, 4410] [4210.398731016908, 4230.2478993767]
1 0 0.0005563295562751591 48409 [2540, 2740] [2707.0, 2732.5]
1 0 0.0006996988086029887 48409 [2550, 2750] [2707.0, 2732.5]
1 0 0.0025539130438119173 48409 [2560, 2760] [2707.0, 2732.5]
1 0 0.0007652128115296364 48409 [2570, 2770] [2707.0, 2732.5]
1 0 0.0015633106231689453 48409 [2580, 2780] [2707.0, 2732.5]
1 0 0.012187414802610874 48409 [2590, 2790] [2707.0, 2732.5]
1 0 0.0010850178077816963 48409 [2600, 2800] [2707.0, 2732.5]
1 0 0.002069254871457815 48409 [2610, 2810] [2707.0, 2732.5]
1 0 0.016302386298775673 48409 [2620, 2820] [2707.0, 2732.5]
1 0 0.0007146798889152706 48409 [2630, 2830] [2707.0, 2732.5]
1 0 0.0014832767192274332 48409 [2640, 2840] [2707.0, 2732.5]
1 0 0.004774261265993118 48409 [2650, 2850] [2707.0, 2732.5]
1 0 0.0005622467142529786 48409 [2660, 2860] [2707.0, 2732.5]
1 0 0.0007972262101247907 48409 [2670, 2870] [2707.0, 2732.5]
1 0 0.007034849841147661 48409 [2680, 2880] [2707.0, 2732.5]
1 0 0.00040801145951263607 48409 [2690, 2890] [2707.0, 2732.5]
1 0 0.0012516474816948175 48409 [2700, 2900] [2707.0, 2732.5]
1 0 0.06486175954341888 48409 [3440, 3640] [3451.7000000000003, 3492.6000000000004]
1 0 0.051961079239845276 12110 [790, 990] [961.6638400082652, 987.0955869692488]
1 0 0.15339221060276031 12110 [800, 1000] [961.6638400082652, 987.0955869692488]
1 0 0.159878671169281 12110 [810, 1010] [961.6638400082652, 987.0955869692488]
1 0 0.02234530821442604 12110 [820, 1020] [961.6638400082652, 987.0955869692488]
1 0 0.11725183576345444 12110 [830, 1030] [961.6638400082652, 987.0955869692488]
1 0 0.005027822218835354 12110 [840, 1040] [961.6638400082652, 987.0955869692488]
1 0 0.006054332945495844 12110 [850, 1050] [961.6638400082652, 987.0955869692488]
1 0 0.06146957725286484 12110 [860, 1060] [961.6638400082652, 987.0955869692488]
1 0 0.007184210699051619 12110 [870, 1070] [961.6638400082652, 987.0955869692488]
1 0 0.005731884390115738 12110 [880, 1080] [961.6638400082652, 987.0955869692488]
1 0 0.06763534247875214 12110 [890, 1090] [961.6638400082652, 987.0955869692488]
1 0 0.011466488242149353 12110 [900, 1100] [961.6638400082652, 987.0955869692488]
1 0 0.01334653701633215 12110 [910, 1110] [961.6638400082652, 987.0955869692488]
1 0 0.14181804656982422 12110 [920, 1120] [961.6638400082652, 987.0955869692488]
1 0 0.023860963061451912 12110 [930, 1130] [961.6638400082652, 987.0955869692488]
1 0 0.0103753125295043 12110 [940, 1140] [961.6638400082652, 987.0955869692488]
1 0 0.011832346208393574 12110 [950, 1150] [961.6638400082652, 987.0955869692488]
1 0 0.0058159660547971725 12110 [960, 1160] [961.6638400082652, 987.0955869692488]
1 0 0.0029401248320937157 49424 [3470, 3670] [3631.5, 3667.4]
1 0 0.0008867557044140995 49424 [3480, 3680] [3631.5, 3667.4]
1 0 0.031844284385442734 49424 [3490, 3690] [3631.5, 3667.4]
1 0 0.01345200277864933 49424 [3500, 3700] [3631.5, 3667.4]
1 0 0.0032873358577489853 49424 [3510, 3710] [3631.5, 3667.4]
1 0 0.07411077618598938 49424 [3520, 3720] [3631.5, 3667.4]
1 0 0.12042749673128128 49424 [3530, 3730] [3631.5, 3667.4]
1 0 0.010834712535142899 49424 [3540, 3740] [3631.5, 3667.4]
1 0 0.49424639344215393 49424 [3550, 3750] [3631.5, 3667.4]
1 0 0.0864279568195343 49424 [3570, 3770] [3631.5, 3667.4]
1 0 0.48279356956481934 49424 [3590, 3790] [3631.5, 3667.4]
1 0 0.008187483064830303 49424 [3600, 3800] [3631.5, 3667.4]
1 0 0.49315017461776733 49424 [3610, 3810] [3631.5, 3667.4]
1 0 0.2674691677093506 49424 [3620, 3820] [3631.5, 3667.4]
1 0 0.023929359391331673 49424 [3630, 3830] [3631.5, 3667.4]
1 0 0.09496352821588516 47404 [670, 870] [843.1000000000001, 862.5999999999999]
1 0 0.011646718718111515 47404 [680, 880] [843.1000000000001, 862.5999999999999]
1 0 0.35834184288978577 47404 [690, 890] [843.1000000000001, 862.5999999999999]
1 0 0.04914972186088562 47404 [700, 900] [843.1000000000001, 862.5999999999999]
1 0 0.011415448971092701 47404 [710, 910] [843.1000000000001, 862.5999999999999]
1 0 0.17826944589614868 47404 [720, 920] [843.1000000000001, 862.5999999999999]
1 0 0.017725029960274696 47404 [730, 930] [843.1000000000001, 862.5999999999999]
1 0 0.007042066194117069 47404 [740, 940] [843.1000000000001, 862.5999999999999]
1 0 0.14106574654579163 47404 [750, 950] [843.1000000000001, 862.5999999999999]
1 0 0.005826374515891075 47404 [760, 960] [843.1000000000001, 862.5999999999999]
1 0 0.0018732561729848385 47404 [770, 970] [843.1000000000001, 862.5999999999999]
1 0 0.08431840687990189 47404 [780, 980] [843.1000000000001, 862.5999999999999]
1 0 0.009399011731147766 47404 [790, 990] [843.1000000000001, 862.5999999999999]
1 0 0.008276564069092274 47404 [800, 1000] [843.1000000000001, 862.5999999999999]
1 0 0.03513069078326225 47404 [820, 1020] [843.1000000000001, 862.5999999999999]
1 0 0.02781182900071144 47404 [830, 1030] [843.1000000000001, 862.5999999999999]
1 0 0.32790112495422363 47404 [840, 1040] [843.1000000000001, 862.5999999999999]
1 0 0.0717189610004425 50115 [1450, 1650] [1602.6, 1641.7000000000003]
1 0 0.07865285128355026 50115 [1460, 1660] [1602.6, 1641.7000000000003]
1 0 0.06575042754411697 50115 [1470, 1670] [1602.6, 1641.7000000000003]
1 0 0.29612505435943604 50115 [1480, 1680] [1602.6, 1641.7000000000003]
1 0 0.37500959634780884 50115 [1490, 1690] [1602.6, 1641.7000000000003]
1 0 0.3433956801891327 50115 [1500, 1700] [1602.6, 1641.7000000000003]
1 0 0.4089401364326477 50115 [1520, 1720] [1602.6, 1641.7000000000003]
1 0 0.2990715801715851 50115 [1530, 1730] [1602.6, 1641.7000000000003]
1 0 0.45265471935272217 50115 [1540, 1740] [1602.6, 1641.7000000000003]
1 0 0.392961710691452 50115 [1550, 1750] [1602.6, 1641.7000000000003]
1 0 0.2588273286819458 50115 [1560, 1760] [1602.6, 1641.7000000000003]
1 0 0.2549077570438385 50115 [1570, 1770] [1602.6, 1641.7000000000003]
1 0 0.07920228689908981 50115 [1580, 1780] [1602.6, 1641.7000000000003]
1 0 0.28807300329208374 50115 [1590, 1790] [1602.6, 1641.7000000000003]
1 0 0.22744439542293549 50115 [1600, 1800] [1602.6, 1641.7000000000003]
1 0 0.03420374169945717 27502 [5150, 5350] [5332.368239391981, 5346.819274134347]
1 0 0.0018432855140417814 05205 [2450, 2650] [2591.447269585385, 2641.7925621841755]
1 0 0.005079965107142925 05205 [2460, 2660] [2591.447269585385, 2641.7925621841755]
1 0 0.0036562299355864525 05205 [2470, 2670] [2591.447269585385, 2641.7925621841755]
1 0 0.009268109686672688 05205 [2480, 2680] [2591.447269585385, 2641.7925621841755]
1 0 0.00737189082428813 05205 [2490, 2690] [2591.447269585385, 2641.7925621841755]
1 0 0.004559674300253391 05205 [2500, 2700] [2591.447269585385, 2641.7925621841755]
1 0 0.023037564009428024 05205 [2510, 2710] [2591.447269585385, 2641.7925621841755]
1 0 0.029895292595028877 05205 [2520, 2720] [2591.447269585385, 2641.7925621841755]
1 0 0.03798937425017357 05205 [2530, 2730] [2591.447269585385, 2641.7925621841755]
1 0 0.04723434895277023 05205 [2540, 2740] [2591.447269585385, 2641.7925621841755]
1 0 0.055799342691898346 05205 [2550, 2750] [2591.447269585385, 2641.7925621841755]
1 0 0.06774541735649109 05205 [2560, 2760] [2591.447269585385, 2641.7925621841755]
1 0 0.06437685340642929 05205 [2570, 2770] [2591.447269585385, 2641.7925621841755]
1 0 0.04603349417448044 05205 [2580, 2780] [2591.447269585385, 2641.7925621841755]
1 0 0.02283312939107418 05205 [2590, 2790] [2591.447269585385, 2641.7925621841755]
1 0 0.09404494613409042 27302 [1060, 1260] [1202.0760123437083, 1251.870149198836]
1 0 0.057200849056243896 27302 [1090, 1290] [1202.0760123437083, 1251.870149198836]
1 0 0.06202163174748421 27302 [1120, 1320] [1202.0760123437083, 1251.870149198836]
1 0 0.09936600178480148 27302 [1150, 1350] [1202.0760123437083, 1251.870149198836]
1 0 0.11675552278757095 27302 [1180, 1380] [1202.0760123437083, 1251.870149198836]
1 0 0.005481707397848368 27302 [1260, 1460] [1430.5441739270168, 1452.5462343978872]
1 0 0.0029574681539088488 27302 [1270, 1470] [1430.5441739270168, 1452.5462343978872]
1 0 0.00679465988650918 27302 [1280, 1480] [1430.5441739270168, 1452.5462343978872]
1 0 0.01512911356985569 27302 [1290, 1490] [1430.5441739270168, 1452.5462343978872]
1 0 0.00452922098338604 27302 [1300, 1500] [1430.5441739270168, 1452.5462343978872]
1 0 0.006527893245220184 27302 [1310, 1510] [1430.5441739270168, 1452.5462343978872]
1 0 0.012498159892857075 27302 [1320, 1520] [1430.5441739270168, 1452.5462343978872]
1 0 0.003836346324533224 27302 [1330, 1530] [1430.5441739270168, 1452.5462343978872]
1 0 0.003439278807491064 27302 [1340, 1540] [1430.5441739270168, 1452.5462343978872]
1 0 0.00978622306138277 27302 [1350, 1550] [1430.5441739270168, 1452.5462343978872]
1 0 0.003469234798103571 27302 [1360, 1560] [1430.5441739270168, 1452.5462343978872]
1 0 0.004456250928342342 27302 [1370, 1570] [1430.5441739270168, 1452.5462343978872]
1 0 0.011314105242490768 27302 [1380, 1580] [1430.5441739270168, 1452.5462343978872]
1 0 0.014113593846559525 27302 [1390, 1590] [1430.5441739270168, 1452.5462343978872]
1 0 0.017977401614189148 27302 [1400, 1600] [1430.5441739270168, 1452.5462343978872]
1 0 0.045164790004491806 27302 [1410, 1610] [1430.5441739270168, 1452.5462343978872]
1 0 0.023880518972873688 27302 [1420, 1620] [1430.5441739270168, 1452.5462343978872]
1 0 0.0017411462031304836 27302 [1430, 1630] [1430.5441739270168, 1452.5462343978872]
1 0 0.012482049874961376 27302 [3340, 3540] [3486.682892371106, 3535.3190260435567]
1 0 0.15711216628551483 27302 [3350, 3550] [3486.682892371106, 3535.3190260435567]
1 0 0.010938354767858982 27302 [3360, 3560] [3486.682892371106, 3535.3190260435567]
1 0 0.013600273989140987 27302 [3370, 3570] [3486.682892371106, 3535.3190260435567]
1 0 0.1530722677707672 27302 [3380, 3580] [3486.682892371106, 3535.3190260435567]
1 0 0.011864016763865948 27302 [3390, 3590] [3486.682892371106, 3535.3190260435567]
1 0 0.00954499002546072 27302 [3400, 3600] [3486.682892371106, 3535.3190260435567]
1 0 0.021697375923395157 27302 [3410, 3610] [3486.682892371106, 3535.3190260435567]
1 0 0.25145670771598816 27302 [3420, 3620] [3486.682892371106, 3535.3190260435567]
1 0 0.011751454323530197 27302 [3430, 3630] [3486.682892371106, 3535.3190260435567]
1 0 0.008483517915010452 27302 [3440, 3640] [3486.682892371106, 3535.3190260435567]
1 0 0.10332098603248596 27302 [3450, 3650] [3486.682892371106, 3535.3190260435567]
1 0 0.012094823643565178 27302 [3460, 3660] [3486.682892371106, 3535.3190260435567]
1 0 0.005703840870410204 27302 [3470, 3670] [3486.682892371106, 3535.3190260435567]
1 0 0.028938226401805878 27302 [3480, 3680] [3486.682892371106, 3535.3190260435567]
1 0 0.4516584277153015 49103 [3900, 4100] [4061.4000000000005, 4099.2]
1 0 0.37828510999679565 49103 [3910, 4110] [4061.4000000000005, 4099.2]
1 0 0.04528841748833656 49103 [3920, 4120] [4061.4000000000005, 4099.2]
1 0 0.10352514684200287 49103 [3950, 4150] [4061.4000000000005, 4099.2]
1 0 0.09759392589330673 49103 [3980, 4180] [4061.4000000000005, 4099.2]
1 0 0.005555188283324242 17312 [2350, 2550] [2519.7521006233005, 2541.462128516823]
1 0 0.003056818153709173 17312 [2360, 2560] [2519.7521006233005, 2541.462128516823]
1 0 0.002121499041095376 17312 [2370, 2570] [2519.7521006233005, 2541.462128516823]
1 0 0.012599545530974865 17312 [2380, 2580] [2519.7521006233005, 2541.462128516823]
1 0 0.002709194552153349 17312 [2390, 2590] [2519.7521006233005, 2541.462128516823]
1 0 0.0014011373277753592 17312 [2400, 2600] [2519.7521006233005, 2541.462128516823]
1 0 0.009215227328240871 17312 [2410, 2610] [2519.7521006233005, 2541.462128516823]
1 0 0.0028815024998039007 17312 [2420, 2620] [2519.7521006233005, 2541.462128516823]
1 0 0.001405060407705605 17312 [2430, 2630] [2519.7521006233005, 2541.462128516823]
1 0 0.007742440328001976 17312 [2440, 2640] [2519.7521006233005, 2541.462128516823]
1 0 0.0033865030854940414 17312 [2450, 2650] [2519.7521006233005, 2541.462128516823]
1 0 0.0019446336664259434 17312 [2460, 2660] [2519.7521006233005, 2541.462128516823]
1 0 0.015309573151171207 17312 [2470, 2670] [2519.7521006233005, 2541.462128516823]
1 0 0.005009265150874853 17312 [2480, 2680] [2519.7521006233005, 2541.462128516823]
1 0 0.0026859010104089975 17312 [2490, 2690] [2519.7521006233005, 2541.462128516823]
1 0 0.02604834921658039 17312 [2500, 2700] [2519.7521006233005, 2541.462128516823]
1 0 0.0038240167777985334 17312 [2510, 2710] [2519.7521006233005, 2541.462128516823]
1 0 0.3781728446483612 50104 [530, 730] [693.6, 726.5]
1 0 0.14961853623390198 50104 [690, 890] [693.6, 726.5]
1 0 0.06863122433423996 50104 [3700, 3900] [3870.1, 3896.1]
1 0 0.12188031524419785 50104 [3710, 3910] [3870.1, 3896.1]
1 0 0.34509018063545227 50104 [3740, 3940] [3870.1, 3896.1]
1 0 0.2955872416496277 50104 [3760, 3960] [3870.1, 3896.1]
1 0 0.04932869225740433 50104 [3770, 3970] [3870.1, 3896.1]
1 0 0.06816696375608444 50104 [3780, 3980] [3870.1, 3896.1]
1 0 0.03607230260968208 50104 [3790, 3990] [3870.1, 3896.1]
1 0 0.04520348459482193 50104 [3800, 4000] [3870.1, 3896.1]
1 0 0.06236406788229942 50104 [3810, 4010] [3870.1, 3896.1]
1 0 0.03429478406906128 50104 [3820, 4020] [3870.1, 3896.1]
1 0 0.07176180928945541 50104 [3830, 4030] [3870.1, 3896.1]
1 0 0.09587245434522629 50104 [3840, 4040] [3870.1, 3896.1]
1 0 0.06499531865119934 50104 [3850, 4050] [3870.1, 3896.1]
1 0 0.3707820773124695 50104 [3860, 4060] [3870.1, 3896.1]
1 0 0.19793067872524261 50104 [3870, 4070] [3870.1, 3896.1]
1 0 0.069619320333004 46424 [1570, 1770] [1720.4571868866008, 1753.9526584937498]
1 0 0.022448137402534485 46424 [1600, 1800] [1720.4571868866008, 1753.9526584937498]
1 0 0.0031064331997185946 46424 [1630, 1830] [1720.4571868866008, 1753.9526584937498]
1 0 0.011334889568388462 46424 [2510, 2710] [2653.113700540652, 2708.3192000413233]
1 0 0.07781125605106354 46424 [2520, 2720] [2653.113700540652, 2708.3192000413233]
1 0 0.3450060188770294 46424 [2530, 2730] [2653.113700540652, 2708.3192000413233]
1 0 0.2188347429037094 46424 [2540, 2740] [2653.113700540652, 2708.3192000413233]
1 0 0.2872912287712097 46424 [2550, 2750] [2653.113700540652, 2708.3192000413233]
1 0 0.45136183500289917 46424 [2570, 2770] [2653.113700540652, 2708.3192000413233]
1 0 0.35075482726097107 46424 [2580, 2780] [2653.113700540652, 2708.3192000413233]
1 0 0.3082949221134186 46424 [2600, 2800] [2653.113700540652, 2708.3192000413233]
1 0 0.2524557411670685 46424 [2610, 2810] [2653.113700540652, 2708.3192000413233]
1 0 0.27951833605766296 46424 [2620, 2820] [2653.113700540652, 2708.3192000413233]
1 0 0.2354872077703476 46424 [2630, 2830] [2653.113700540652, 2708.3192000413233]
1 0 0.03582257777452469 46424 [2650, 2850] [2653.113700540652, 2708.3192000413233]
1 0 0.01523050107061863 48629 [650, 850] [820.3, 842.0]
1 0 0.00591914402320981 48629 [680, 880] [820.3, 842.0]
1 0 0.3681604564189911 48629 [690, 890] [820.3, 842.0]
1 0 0.09716953337192535 48629 [700, 900] [820.3, 842.0]
1 0 0.0013567497953772545 48629 [710, 910] [820.3, 842.0]
1 0 0.09359018504619598 48629 [720, 920] [820.3, 842.0]
1 0 0.023432327434420586 48629 [730, 930] [820.3, 842.0]
1 0 0.0016119773499667645 48629 [740, 940] [820.3, 842.0]
1 0 0.06692911684513092 48629 [750, 950] [820.3, 842.0]
1 0 0.0167599655687809 48629 [760, 960] [820.3, 842.0]
1 0 0.0014315000735223293 48629 [770, 970] [820.3, 842.0]
1 0 0.07766712456941605 48629 [780, 980] [820.3, 842.0]
1 0 0.0228950884193182 48629 [790, 990] [820.3, 842.0]
1 0 0.0031850244849920273 48629 [800, 1000] [820.3, 842.0]
1 0 0.02381863072514534 48629 [810, 1010] [820.3, 842.0]
1 0 0.00172565714456141 48629 [820, 1020] [820.3, 842.0]
1 0 0.16729791462421417 48629 [860, 1060] [1027.5, 1056.0]
1 0 0.005792549345642328 48629 [880, 1080] [1027.5, 1056.0]
1 0 0.005745954345911741 48629 [910, 1110] [1027.5, 1056.0]
1 0 0.4888542592525482 48629 [930, 1130] [1027.5, 1056.0]
1 0 0.0022616263013333082 48629 [940, 1140] [1027.5, 1056.0]
1 0 0.38025104999542236 48629 [950, 1150] [1027.5, 1056.0]
1 0 0.009203367866575718 48629 [970, 1170] [1027.5, 1056.0]
1 0 0.4611217677593231 48629 [980, 1180] [1027.5, 1056.0]
1 0 0.13705477118492126 48629 [1000, 1200] [1027.5, 1056.0]
1 0 0.003042118391022086 48629 [2460, 2660] [2631.0, 2651.5]
1 0 0.004779026377946138 48629 [2470, 2670] [2631.0, 2651.5]
1 0 0.005817013327032328 48629 [2480, 2680] [2631.0, 2651.5]
1 0 0.0028976830653846264 48629 [2490, 2690] [2631.0, 2651.5]
1 0 0.009778093546628952 48629 [2500, 2700] [2631.0, 2651.5]
1 0 0.03468933328986168 48629 [2510, 2710] [2631.0, 2651.5]
1 0 0.021360602229833603 48629 [2520, 2720] [2631.0, 2651.5]
1 0 0.03833189234137535 48629 [2530, 2730] [2631.0, 2651.5]
1 0 0.22929584980010986 48629 [2540, 2740] [2631.0, 2651.5]
1 0 0.037183016538619995 48629 [2550, 2750] [2631.0, 2651.5]
1 0 0.12474209815263748 48629 [2560, 2760] [2631.0, 2651.5]
1 0 0.4552393853664398 48629 [2570, 2770] [2631.0, 2651.5]
1 0 0.43851494789123535 48629 [2580, 2780] [2631.0, 2651.5]
1 0 0.06401778757572174 04529 [1040, 1240] [1208.839640587246, 1237.510502444647]
1 0 0.11609771102666855 04529 [1050, 1250] [1208.839640587246, 1237.510502444647]
1 0 0.11426154524087906 04529 [1060, 1260] [1208.839640587246, 1237.510502444647]
1 0 0.11655070632696152 04529 [1070, 1270] [1208.839640587246, 1237.510502444647]
1 0 0.23868846893310547 04529 [1080, 1280] [1208.839640587246, 1237.510502444647]
1 0 0.013002595864236355 50107 [3640, 3840] [3822.2000000000003, 3839.5000000000005]
1 0 0.005957233253866434 50107 [3650, 3850] [3822.2000000000003, 3839.5000000000005]
1 0 0.001977999694645405 50107 [3660, 3860] [3822.2000000000003, 3839.5000000000005]
1 0 0.35259512066841125 50107 [3670, 3870] [3822.2000000000003, 3839.5000000000005]
1 0 0.005714505445212126 50107 [3680, 3880] [3822.2000000000003, 3839.5000000000005]
1 0 0.0028107408434152603 50107 [3690, 3890] [3822.2000000000003, 3839.5000000000005]
1 0 0.007640047464519739 50107 [3710, 3910] [3822.2000000000003, 3839.5000000000005]
1 0 0.0045236023142933846 50107 [3720, 3920] [3822.2000000000003, 3839.5000000000005]
1 0 0.008746628649532795 50107 [3740, 3940] [3822.2000000000003, 3839.5000000000005]
1 0 0.005091601517051458 50107 [3750, 3950] [3822.2000000000003, 3839.5000000000005]
1 0 0.016547348350286484 50107 [3770, 3970] [3822.2000000000003, 3839.5000000000005]
1 0 0.014449868351221085 50107 [3780, 3980] [3822.2000000000003, 3839.5000000000005]
1 0 0.02680235728621483 50107 [3800, 4000] [3822.2000000000003, 3839.5000000000005]
1 0 0.04862409085035324 50107 [3810, 4010] [3822.2000000000003, 3839.5000000000005]
1 0 0.47238239645957947 50107 [3820, 4020] [3822.2000000000003, 3839.5000000000005]
1 0 0.024234069511294365 29101 [1820, 2020] [1984.1157581183925, 2016.3706567030545]
1 0 0.03447708860039711 29101 [1830, 2030] [1984.1157581183925, 2016.3706567030545]
1 0 0.04415655508637428 29101 [1850, 2050] [1984.1157581183925, 2016.3706567030545]
1 0 0.05321045592427254 29101 [1860, 2060] [1984.1157581183925, 2016.3706567030545]
1 0 0.0580318346619606 29101 [1880, 2080] [1984.1157581183925, 2016.3706567030545]
1 0 0.08827321231365204 29101 [1890, 2090] [1984.1157581183925, 2016.3706567030545]
1 0 0.08233965933322906 29101 [1910, 2110] [1984.1157581183925, 2016.3706567030545]
1 0 0.013855546712875366 29101 [1920, 2120] [1984.1157581183925, 2016.3706567030545]
1 0 0.008046973496675491 29101 [1940, 2140] [1984.1157581183925, 2016.3706567030545]
1 0 0.01038060151040554 29101 [1950, 2150] [1984.1157581183925, 2016.3706567030545]
1 0 0.007763874251395464 29101 [1970, 2170] [1984.1157581183925, 2016.3706567030545]
1 0 0.05119292810559273 29101 [1980, 2180] [1984.1157581183925, 2016.3706567030545]
1 0 0.0006216347683221102 29101 [2470, 2670] [2644.4664933365475, 2661.834515651365]
1 0 0.0007072920561768115 29101 [2480, 2680] [2644.4664933365475, 2661.834515651365]
1 0 0.0004296618280932307 29101 [2490, 2690] [2644.4664933365475, 2661.834515651365]
1 0 0.0008032963378354907 29101 [2500, 2700] [2644.4664933365475, 2661.834515651365]
1 0 0.0007018048199824989 29101 [2510, 2710] [2644.4664933365475, 2661.834515651365]
1 0 0.0004781415918841958 29101 [2520, 2720] [2644.4664933365475, 2661.834515651365]
1 0 0.000771230726968497 29101 [2530, 2730] [2644.4664933365475, 2661.834515651365]
1 0 0.0009701771195977926 29101 [2540, 2740] [2644.4664933365475, 2661.834515651365]
1 0 0.0005875032511539757 29101 [2550, 2750] [2644.4664933365475, 2661.834515651365]
1 0 0.0009761137189343572 29101 [2560, 2760] [2644.4664933365475, 2661.834515651365]
1 0 0.001018975512124598 29101 [2570, 2770] [2644.4664933365475, 2661.834515651365]
1 0 0.0005856364732608199 29101 [2580, 2780] [2644.4664933365475, 2661.834515651365]
1 0 0.0008832112071104348 29101 [2590, 2790] [2644.4664933365475, 2661.834515651365]
1 0 0.0008995273383334279 29101 [2600, 2800] [2644.4664933365475, 2661.834515651365]
1 0 0.0005079185357317328 29101 [2610, 2810] [2644.4664933365475, 2661.834515651365]
1 0 0.0009030526271089911 29101 [2620, 2820] [2644.4664933365475, 2661.834515651365]
1 0 0.0007237207028083503 29101 [2630, 2830] [2644.4664933365475, 2661.834515651365]
1 0 0.0006798214162699878 29101 [2640, 2840] [2644.4664933365475, 2661.834515651365]
1 0 0.011259541846811771 50106 [540, 740] [708.6, 732.8000000000001]
1 0 0.04384622722864151 50106 [550, 750] [708.6, 732.8000000000001]
1 0 0.26590216159820557 50106 [560, 760] [708.6, 732.8000000000001]
1 0 0.011118163354694843 50106 [570, 770] [708.6, 732.8000000000001]
1 0 0.01567082665860653 50106 [580, 780] [708.6, 732.8000000000001]
1 0 0.045170217752456665 50106 [590, 790] [708.6, 732.8000000000001]
1 0 0.004965116269886494 50106 [600, 800] [708.6, 732.8000000000001]
1 0 0.015089130029082298 50106 [610, 810] [708.6, 732.8000000000001]
1 0 0.06181507557630539 50106 [620, 820] [708.6, 732.8000000000001]
1 0 0.004980969708412886 50106 [630, 830] [708.6, 732.8000000000001]
1 0 0.01718030869960785 50106 [640, 840] [708.6, 732.8000000000001]
1 0 0.02548700012266636 50106 [650, 850] [708.6, 732.8000000000001]
1 0 0.0579095259308815 50106 [660, 860] [708.6, 732.8000000000001]
1 0 0.023165512830018997 50106 [670, 870] [708.6, 732.8000000000001]
1 0 0.07486173510551453 50106 [680, 880] [708.6, 732.8000000000001]
1 0 0.005037330090999603 50106 [690, 890] [708.6, 732.8000000000001]
1 0 0.010231610387563705 50106 [700, 900] [708.6, 732.8000000000001]
1 0 0.21889644861221313 48619 [860, 1060] [1028.7, 1054.2]
1 0 0.006167091894894838 48619 [880, 1080] [1028.7, 1054.2]
1 0 0.006103419698774815 48619 [910, 1110] [1028.7, 1054.2]
1 0 0.0024935139808803797 48619 [940, 1140] [1028.7, 1054.2]
1 0 0.4648526608943939 48619 [950, 1150] [1028.7, 1054.2]
1 0 0.009872730821371078 48619 [970, 1170] [1028.7, 1054.2]
1 0 0.1556435227394104 48619 [1000, 1200] [1028.7, 1054.2]
1 0 0.003037806134670973 48619 [2460, 2660] [2631.4, 2652.4]
1 0 0.004845848772674799 48619 [2470, 2670] [2631.4, 2652.4]
1 0 0.005759184714406729 48619 [2480, 2680] [2631.4, 2652.4]
1 0 0.0027425207663327456 48619 [2490, 2690] [2631.4, 2652.4]
1 0 0.007734378334134817 48619 [2500, 2700] [2631.4, 2652.4]
1 0 0.031318020075559616 48619 [2510, 2710] [2631.4, 2652.4]
1 0 0.018374400213360786 48619 [2520, 2720] [2631.4, 2652.4]
1 0 0.024336213245987892 48619 [2530, 2730] [2631.4, 2652.4]
1 0 0.20906184613704681 48619 [2540, 2740] [2631.4, 2652.4]
1 0 0.03332214429974556 48619 [2550, 2750] [2631.4, 2652.4]
1 0 0.08652525395154953 48619 [2560, 2760] [2631.4, 2652.4]
1 0 0.4389074444770813 48619 [2570, 2770] [2631.4, 2652.4]
1 0 0.4284193813800812 48619 [2580, 2780] [2631.4, 2652.4]
1 0 0.0044253310188651085 48619 [5650, 5850] [5825.6, 5846.099999999999]
1 0 0.03572971001267433 48619 [5660, 5860] [5825.6, 5846.099999999999]
1 0 0.002482675714418292 48619 [5670, 5870] [5825.6, 5846.099999999999]
1 0 0.0033485880121588707 48619 [5680, 5880] [5825.6, 5846.099999999999]
1 0 0.01383577473461628 48619 [5690, 5890] [5825.6, 5846.099999999999]
1 0 0.0028283412102609873 48619 [5700, 5900] [5825.6, 5846.099999999999]
1 0 0.0037962300702929497 48619 [5710, 5910] [5825.6, 5846.099999999999]
1 0 0.015341609716415405 48619 [5720, 5920] [5825.6, 5846.099999999999]
1 0 0.003983331378549337 48619 [5730, 5930] [5825.6, 5846.099999999999]
1 0 0.003762742504477501 48619 [5740, 5940] [5825.6, 5846.099999999999]
1 0 0.022508816793560982 48619 [5750, 5950] [5825.6, 5846.099999999999]
1 0 0.0020822056103497744 48619 [5760, 5960] [5825.6, 5846.099999999999]
1 0 0.002618871396407485 48619 [5770, 5970] [5825.6, 5846.099999999999]
1 0 0.10404715687036514 48619 [5780, 5980] [5825.6, 5846.099999999999]
1 0 0.14600498974323273 48619 [5790, 5990] [5825.6, 5846.099999999999]
1 0 0.060781724750995636 48619 [5800, 6000] [5825.6, 5846.099999999999]
1 0 0.16769102215766907 48619 [5810, 6010] [5825.6, 5846.099999999999]
1 0 0.0013223636196926236 03223 [800, 1000] [968.3809988943457, 999.3953244565207]
1 0 0.05387275293469429 03223 [810, 1010] [968.3809988943457, 999.3953244565207]
1 0 0.4277057647705078 03223 [820, 1020] [968.3809988943457, 999.3953244565207]
1 0 0.213385671377182 03223 [830, 1030] [968.3809988943457, 999.3953244565207]
1 0 0.10511080920696259 03223 [850, 1050] [968.3809988943457, 999.3953244565207]
1 0 0.10148195922374725 03223 [860, 1060] [968.3809988943457, 999.3953244565207]
1 0 0.18337683379650116 03223 [880, 1080] [968.3809988943457, 999.3953244565207]
1 0 0.032732535153627396 03223 [890, 1090] [968.3809988943457, 999.3953244565207]
1 0 0.011667138896882534 03223 [910, 1110] [968.3809988943457, 999.3953244565207]
1 0 0.005893408786505461 03223 [920, 1120] [968.3809988943457, 999.3953244565207]
1 0 0.4678442180156708 03223 [930, 1130] [968.3809988943457, 999.3953244565207]
1 0 0.03367103263735771 03223 [940, 1140] [968.3809988943457, 999.3953244565207]
1 0 0.027782060205936432 03223 [950, 1150] [968.3809988943457, 999.3953244565207]
1 0 0.4055778384208679 03223 [960, 1160] [968.3809988943457, 999.3953244565207]
1 0 0.007925240322947502 35521 [5260, 5460] [5435.830477977891, 5457.540505871414]
1 0 0.03083350509405136 35521 [5270, 5470] [5435.830477977891, 5457.540505871414]
1 0 0.012714439071714878 35521 [5280, 5480] [5435.830477977891, 5457.540505871414]
1 0 0.21640361845493317 35521 [5290, 5490] [5435.830477977891, 5457.540505871414]
1 0 0.3915899991989136 35521 [5300, 5500] [5435.830477977891, 5457.540505871414]
1 0 0.20136317610740662 35521 [5310, 5510] [5435.830477977891, 5457.540505871414]
1 0 0.00046641906374134123 01410 [1520, 1720] [1692.452677741185, 1710.5053317141665]
1 0 0.0006349009927362204 01410 [1530, 1730] [1692.452677741185, 1710.5053317141665]
1 0 0.0004320313746575266 01410 [1540, 1740] [1692.452677741185, 1710.5053317141665]
1 0 0.0005673824925906956 01410 [1550, 1750] [1692.452677741185, 1710.5053317141665]
1 0 0.0008155038231052458 01410 [1560, 1760] [1692.452677741185, 1710.5053317141665]
1 0 0.0005162169109098613 01410 [1570, 1770] [1692.452677741185, 1710.5053317141665]
1 0 0.0015159003669396043 01410 [1580, 1780] [1692.452677741185, 1710.5053317141665]
1 0 0.004877183586359024 01410 [1590, 1790] [1692.452677741185, 1710.5053317141665]
1 0 0.0011415645712986588 01410 [1600, 1800] [1692.452677741185, 1710.5053317141665]
1 0 0.0017711081309244037 01410 [1610, 1810] [1692.452677741185, 1710.5053317141665]
1 0 0.006255790591239929 01410 [1620, 1820] [1692.452677741185, 1710.5053317141665]
1 0 0.3639136552810669 01410 [1630, 1830] [1692.452677741185, 1710.5053317141665]
1 0 0.005891090724617243 01410 [1990, 2190] [2157.5811685671297, 2185.9496248103865]
1 0 0.06967730075120926 01410 [2000, 2200] [2157.5811685671297, 2185.9496248103865]
1 0 0.012487047351896763 01410 [2010, 2210] [2157.5811685671297, 2185.9496248103865]
1 0 0.025927720591425896 01410 [2020, 2220] [2157.5811685671297, 2185.9496248103865]
1 0 0.15646351873874664 01410 [2030, 2230] [2157.5811685671297, 2185.9496248103865]
1 0 0.019614938646554947 01410 [2040, 2240] [2157.5811685671297, 2185.9496248103865]
1 0 0.034522540867328644 01410 [2050, 2250] [2157.5811685671297, 2185.9496248103865]
1 0 0.23956811428070068 01410 [2060, 2260] [2157.5811685671297, 2185.9496248103865]
1 0 0.03864872083067894 01410 [2070, 2270] [2157.5811685671297, 2185.9496248103865]
1 0 0.04062565788626671 01410 [2080, 2280] [2157.5811685671297, 2185.9496248103865]
1 0 0.42796584963798523 01410 [2090, 2290] [2157.5811685671297, 2185.9496248103865]
1 0 0.03145777806639671 01410 [2100, 2300] [2157.5811685671297, 2185.9496248103865]
1 0 0.054967913776636124 01410 [2110, 2310] [2157.5811685671297, 2185.9496248103865]
1 0 0.4859169125556946 01410 [2120, 2320] [2157.5811685671297, 2185.9496248103865]
1 0 0.03763318806886673 01410 [2130, 2330] [2157.5811685671297, 2185.9496248103865]
1 0 0.024180874228477478 01410 [2140, 2340] [2157.5811685671297, 2185.9496248103865]
1 0 0.26168492436408997 01410 [2150, 2350] [2157.5811685671297, 2185.9496248103865]
1 0 0.0015572853153571486 01410 [2250, 2450] [2417.1955257023897, 2442.985031378078]
1 0 0.005642992444336414 01410 [2260, 2460] [2417.1955257023897, 2442.985031378078]
1 0 0.010481560602784157 01410 [2270, 2470] [2417.1955257023897, 2442.985031378078]
1 0 0.006296760868281126 01410 [2280, 2480] [2417.1955257023897, 2442.985031378078]
1 0 0.015070788562297821 01410 [2290, 2490] [2417.1955257023897, 2442.985031378078]
1 0 0.018405865877866745 01410 [2300, 2500] [2417.1955257023897, 2442.985031378078]
1 0 0.0026018510106951 01410 [2310, 2510] [2417.1955257023897, 2442.985031378078]
1 0 0.07928311079740524 01410 [2320, 2520] [2417.1955257023897, 2442.985031378078]
1 0 0.060771502554416656 01410 [2330, 2530] [2417.1955257023897, 2442.985031378078]
1 0 0.02096010185778141 01410 [2340, 2540] [2417.1955257023897, 2442.985031378078]
1 0 0.3998812437057495 01410 [2350, 2550] [2417.1955257023897, 2442.985031378078]
1 0 0.3667428195476532 01410 [2360, 2560] [2417.1955257023897, 2442.985031378078]
1 0 0.03603428602218628 01410 [2370, 2570] [2417.1955257023897, 2442.985031378078]
1 0 0.38793644309043884 01410 [2380, 2580] [2417.1955257023897, 2442.985031378078]
1 0 0.15011908113956451 01410 [2390, 2590] [2417.1955257023897, 2442.985031378078]
1 0 0.06544402986764908 01410 [2400, 2600] [2417.1955257023897, 2442.985031378078]
1 0 0.2908281981945038 01410 [2910, 3110] [2921.5381506837234, 2951.6259073053593]
1 0 0.0019488224061205983 01410 [4490, 4690] [4667.01152038658, 4683.344873981182]
1 0 0.0020728460513055325 01410 [4500, 4700] [4667.01152038658, 4683.344873981182]
1 0 0.0015190765261650085 01410 [4510, 4710] [4667.01152038658, 4683.344873981182]
1 0 0.0033997176215052605 01410 [4520, 4720] [4667.01152038658, 4683.344873981182]
1 0 0.0022276537492871284 01410 [4530, 4730] [4667.01152038658, 4683.344873981182]
1 0 0.00195115280803293 01410 [4540, 4740] [4667.01152038658, 4683.344873981182]
1 0 0.011324773542582989 01410 [4550, 4750] [4667.01152038658, 4683.344873981182]
1 0 0.003395847277715802 01410 [4560, 4760] [4667.01152038658, 4683.344873981182]
1 0 0.0030155901331454515 01410 [4570, 4770] [4667.01152038658, 4683.344873981182]
1 0 0.02126026153564453 01410 [4580, 4780] [4667.01152038658, 4683.344873981182]
1 0 0.010028528049588203 01410 [4590, 4790] [4667.01152038658, 4683.344873981182]
1 0 0.01088745053857565 01410 [4600, 4800] [4667.01152038658, 4683.344873981182]
1 0 0.018863830715417862 01410 [4610, 4810] [4667.01152038658, 4683.344873981182]
1 0 0.004136438947170973 01410 [4620, 4820] [4667.01152038658, 4683.344873981182]
1 0 0.006089989095926285 01410 [4630, 4830] [4667.01152038658, 4683.344873981182]
1 0 0.010352188721299171 01410 [4640, 4840] [4667.01152038658, 4683.344873981182]
1 0 0.005127560812979937 01410 [4650, 4850] [4667.01152038658, 4683.344873981182]
1 0 0.006590882781893015 01410 [4660, 4860] [4667.01152038658, 4683.344873981182]
1 0 0.00618980685248971 01410 [5150, 5350] [5325.4716847837635, 5345.243639135125]
1 0 0.0011360899079591036 01410 [5160, 5360] [5325.4716847837635, 5345.243639135125]
1 0 0.0017572195501998067 01410 [5170, 5370] [5325.4716847837635, 5345.243639135125]
1 0 0.007488908711820841 01410 [5180, 5380] [5325.4716847837635, 5345.243639135125]
1 0 0.001348994323052466 01410 [5190, 5390] [5325.4716847837635, 5345.243639135125]
1 0 0.0012451955117285252 01410 [5200, 5400] [5325.4716847837635, 5345.243639135125]
1 0 0.002761945128440857 01410 [5210, 5410] [5325.4716847837635, 5345.243639135125]
1 0 0.008884765207767487 01410 [5220, 5420] [5325.4716847837635, 5345.243639135125]
1 0 0.0011228539515286684 01410 [5230, 5430] [5325.4716847837635, 5345.243639135125]
1 0 0.0023667733184993267 01410 [5240, 5440] [5325.4716847837635, 5345.243639135125]
1 0 0.010161078535020351 01410 [5250, 5450] [5325.4716847837635, 5345.243639135125]
1 0 0.0016393157420679927 01410 [5260, 5460] [5325.4716847837635, 5345.243639135125]
1 0 0.012734368443489075 01410 [5270, 5470] [5325.4716847837635, 5345.243639135125]
1 0 0.0005016957293264568 01410 [5280, 5480] [5325.4716847837635, 5345.243639135125]
1 0 0.0005944377044215798 01410 [5290, 5490] [5325.4716847837635, 5345.243639135125]
1 0 0.0004733583773486316 01410 [5300, 5500] [5325.4716847837635, 5345.243639135125]
1 0 0.001467814901843667 01410 [5310, 5510] [5325.4716847837635, 5345.243639135125]
1 0 0.001592673477716744 01410 [5320, 5520] [5325.4716847837635, 5345.243639135125]
1 0 0.4333817660808563 35501 [4610, 4810] [4779.3844054547335, 4809.778444505665]
