true_label pred_label pred_prob file time_range filler
1 0 0.043938640505075455 01205 [3910, 4110] [4065.1000000000004, 4094.2]
1 0 0.04647402465343475 01205 [3940, 4140] [4065.1000000000004, 4094.2]
1 0 0.000658785633277148 50617 [3390, 3590] [3566.3583887186205, 3580.004691965977]
1 0 0.0006551385158672929 50617 [3400, 3600] [3566.3583887186205, 3580.004691965977]
1 0 0.0014489395543932915 50617 [3410, 3610] [3566.3583887186205, 3580.004691965977]
1 0 0.0013137658825144172 50617 [3420, 3620] [3566.3583887186205, 3580.004691965977]
1 0 0.0015873466618359089 50617 [3430, 3630] [3566.3583887186205, 3580.004691965977]
1 0 0.0019666615407913923 50617 [3440, 3640] [3566.3583887186205, 3580.004691965977]
1 0 0.0004855974402744323 50617 [3450, 3650] [3566.3583887186205, 3580.004691965977]
1 0 0.001312360749579966 50617 [3460, 3660] [3566.3583887186205, 3580.004691965977]
1 0 0.0022966593969613314 50617 [3470, 3670] [3566.3583887186205, 3580.004691965977]
1 0 0.0010895519517362118 50617 [3480, 3680] [3566.3583887186205, 3580.004691965977]
1 0 0.002691614208742976 50617 [3490, 3690] [3566.3583887186205, 3580.004691965977]
1 0 0.0034305232111364603 50617 [3500, 3700] [3566.3583887186205, 3580.004691965977]
1 0 0.0008141385624185205 50617 [3510, 3710] [3566.3583887186205, 3580.004691965977]
1 0 0.002036208985373378 50617 [3520, 3720] [3566.3583887186205, 3580.004691965977]
1 0 0.00037913816049695015 50617 [3530, 3730] [3566.3583887186205, 3580.004691965977]
1 0 0.00017544552974868566 50617 [3540, 3740] [3566.3583887186205, 3580.004691965977]
1 0 0.000552203506231308 50617 [3550, 3750] [3566.3583887186205, 3580.004691965977]
1 0 0.00032831591670401394 50617 [3560, 3760] [3566.3583887186205, 3580.004691965977]
1 0 0.13027164340019226 01126 [740, 940] [890.4, 933.2]
1 0 0.07617535442113876 01126 [750, 950] [890.4, 933.2]
1 0 0.10082431137561798 01126 [760, 960] [890.4, 933.2]
1 0 0.1856725811958313 01126 [770, 970] [890.4, 933.2]
1 0 0.1592433899641037 01126 [780, 980] [890.4, 933.2]
1 0 0.15562337636947632 01126 [790, 990] [890.4, 933.2]
1 0 0.19979232549667358 01126 [800, 1000] [890.4, 933.2]
1 0 0.1882360577583313 01126 [810, 1010] [890.4, 933.2]
1 0 0.17777380347251892 01126 [820, 1020] [890.4, 933.2]
1 0 0.23331868648529053 01126 [830, 1030] [890.4, 933.2]
1 0 0.08077897131443024 01126 [840, 1040] [890.4, 933.2]
1 0 0.2079068124294281 01126 [850, 1050] [890.4, 933.2]
1 0 0.027555782347917557 01126 [890, 1090] [890.4, 933.2]
1 0 0.0006095378776080906 07601 [2290, 2490] [2460.641938427632, 2481.7316798099105]
1 0 0.00021306745475158095 07601 [2300, 2500] [2460.641938427632, 2481.7316798099105]
1 0 0.0015631306450814009 07601 [2310, 2510] [2460.641938427632, 2481.7316798099105]
1 0 0.0005172370001673698 07601 [2320, 2520] [2460.641938427632, 2481.7316798099105]
1 0 0.00016788867651484907 07601 [2330, 2530] [2460.641938427632, 2481.7316798099105]
1 0 0.0013947476400062442 07601 [2340, 2540] [2460.641938427632, 2481.7316798099105]
1 0 0.0009530815877951682 07601 [2350, 2550] [2460.641938427632, 2481.7316798099105]
1 0 0.0002525165618862957 07601 [2360, 2560] [2460.641938427632, 2481.7316798099105]
1 0 0.0005222492036409676 07601 [2370, 2570] [2460.641938427632, 2481.7316798099105]
1 0 0.0033238837495446205 07601 [2380, 2580] [2460.641938427632, 2481.7316798099105]
1 0 0.014160079881548882 07601 [2390, 2590] [2460.641938427632, 2481.7316798099105]
1 0 0.000248151074629277 07601 [2400, 2600] [2460.641938427632, 2481.7316798099105]
1 0 0.0005054625798948109 07601 [2410, 2610] [2460.641938427632, 2481.7316798099105]
1 0 0.0021499188151210546 07601 [2420, 2620] [2460.641938427632, 2481.7316798099105]
1 0 0.00020359540940262377 07601 [2430, 2630] [2460.641938427632, 2481.7316798099105]
1 0 0.0006786889280192554 07601 [2440, 2640] [2460.641938427632, 2481.7316798099105]
1 0 0.006282285787165165 07601 [2450, 2650] [2460.641938427632, 2481.7316798099105]
1 0 0.00043032318353652954 07601 [2460, 2660] [2460.641938427632, 2481.7316798099105]
1 0 0.0036026393063366413 35522 [2840, 3040] [3000.474146837012, 3031.4884723991872]
1 0 0.41806885600090027 35522 [2870, 3070] [3000.474146837012, 3031.4884723991872]
1 0 0.2517201602458954 35522 [2960, 3160] [3000.474146837012, 3031.4884723991872]
1 0 0.010346396826207638 33606 [3540, 3740] [3704.244937842212, 3730.2969713144385]
1 0 0.040669091045856476 33606 [3550, 3750] [3704.244937842212, 3730.2969713144385]
1 0 0.3548513352870941 33606 [3560, 3760] [3704.244937842212, 3730.2969713144385]
1 0 0.017232274636626244 33606 [3570, 3770] [3704.244937842212, 3730.2969713144385]
1 0 0.04325081408023834 33606 [3580, 3780] [3704.244937842212, 3730.2969713144385]
1 0 0.3297124207019806 33606 [3590, 3790] [3704.244937842212, 3730.2969713144385]
1 0 0.018879691138863564 33606 [3600, 3800] [3704.244937842212, 3730.2969713144385]
1 0 0.04097379744052887 33606 [3610, 3810] [3704.244937842212, 3730.2969713144385]
1 0 0.2966806888580322 33606 [3620, 3820] [3704.244937842212, 3730.2969713144385]
1 0 0.02031785063445568 33606 [3630, 3830] [3704.244937842212, 3730.2969713144385]
1 0 0.04105174168944359 33606 [3640, 3840] [3704.244937842212, 3730.2969713144385]
1 0 0.3266441822052002 33606 [3650, 3850] [3704.244937842212, 3730.2969713144385]
1 0 0.020446699112653732 33606 [3660, 3860] [3704.244937842212, 3730.2969713144385]
1 0 0.041219551116228104 33606 [3670, 3870] [3704.244937842212, 3730.2969713144385]
1 0 0.2963431775569916 33606 [3680, 3880] [3704.244937842212, 3730.2969713144385]
1 0 0.02301502786576748 33606 [3690, 3890] [3704.244937842212, 3730.2969713144385]
1 0 0.08107388764619827 33606 [3700, 3900] [3704.244937842212, 3730.2969713144385]
1 0 0.49883443117141724 49118 [3060, 3260] [3219.1000000000004, 3252.6000000000004]
1 0 0.47772839665412903 49118 [3070, 3270] [3219.1000000000004, 3252.6000000000004]
1 0 0.1817878931760788 49118 [3080, 3280] [3219.1000000000004, 3252.6000000000004]
1 0 0.4064405858516693 49118 [3090, 3290] [3219.1000000000004, 3252.6000000000004]
1 0 0.48166927695274353 49118 [3100, 3300] [3219.1000000000004, 3252.6000000000004]
1 0 0.19341614842414856 49118 [3110, 3310] [3219.1000000000004, 3252.6000000000004]
1 0 0.41778796911239624 49118 [3120, 3320] [3219.1000000000004, 3252.6000000000004]
1 0 0.33398231863975525 49118 [3140, 3340] [3219.1000000000004, 3252.6000000000004]
1 0 0.48335063457489014 49118 [3170, 3370] [3219.1000000000004, 3252.6000000000004]
1 0 2.6368654289399274e-05 07530 [2910, 3110] [3080.0644839134998, 3103.186139501287]
1 0 0.00010416503209853545 07530 [2920, 3120] [3080.0644839134998, 3103.186139501287]
1 0 4.760808951687068e-05 07530 [2930, 3130] [3080.0644839134998, 3103.186139501287]
1 0 7.324681064346805e-05 07530 [2940, 3140] [3080.0644839134998, 3103.186139501287]
1 0 0.00012096965656382963 07530 [2950, 3150] [3080.0644839134998, 3103.186139501287]
1 0 0.00010162944090552628 07530 [2960, 3160] [3080.0644839134998, 3103.186139501287]
1 0 0.0002610446827020496 07530 [2970, 3170] [3080.0644839134998, 3103.186139501287]
1 0 0.0034405309706926346 07530 [2980, 3180] [3080.0644839134998, 3103.186139501287]
1 0 0.0004034290323033929 07530 [2990, 3190] [3080.0644839134998, 3103.186139501287]
1 0 0.00036901907878927886 07530 [3000, 3200] [3080.0644839134998, 3103.186139501287]
1 0 0.0009644567035138607 07530 [3010, 3210] [3080.0644839134998, 3103.186139501287]
1 0 0.0008222096366807818 07530 [3020, 3220] [3080.0644839134998, 3103.186139501287]
1 0 0.0008090863702818751 07530 [3030, 3230] [3080.0644839134998, 3103.186139501287]
1 0 0.001469631097279489 07530 [3040, 3240] [3080.0644839134998, 3103.186139501287]
1 0 0.0005756730097346008 07530 [3050, 3250] [3080.0644839134998, 3103.186139501287]
1 0 0.0004297173290979117 07530 [3060, 3260] [3080.0644839134998, 3103.186139501287]
1 0 0.0006892948294989765 07530 [3070, 3270] [3080.0644839134998, 3103.186139501287]
1 0 0.00016437798331025988 07530 [3080, 3280] [3080.0644839134998, 3103.186139501287]
1 0 0.0008855550549924374 07120 [1930, 2130] [2094.6728967939666, 2121.9655032886803]
1 0 0.0038258207496255636 07120 [1940, 2140] [2094.6728967939666, 2121.9655032886803]
1 0 0.012466588988900185 07120 [1950, 2150] [2094.6728967939666, 2121.9655032886803]
1 0 0.321493923664093 07120 [1960, 2160] [2094.6728967939666, 2121.9655032886803]
1 0 0.1697731763124466 07120 [1970, 2170] [2094.6728967939666, 2121.9655032886803]
1 0 0.161632239818573 07120 [1980, 2180] [2094.6728967939666, 2121.9655032886803]
1 0 0.2711268663406372 07120 [1990, 2190] [2094.6728967939666, 2121.9655032886803]
1 0 0.10128188878297806 07120 [2000, 2200] [2094.6728967939666, 2121.9655032886803]
1 0 0.09473716467618942 07120 [2010, 2210] [2094.6728967939666, 2121.9655032886803]
1 0 0.21822743117809296 07120 [2020, 2220] [2094.6728967939666, 2121.9655032886803]
1 0 0.03820444270968437 07120 [2030, 2230] [2094.6728967939666, 2121.9655032886803]
1 0 0.03216607868671417 07120 [2040, 2240] [2094.6728967939666, 2121.9655032886803]
1 0 0.09386740624904633 07120 [2050, 2250] [2094.6728967939666, 2121.9655032886803]
1 0 0.028816089034080505 07120 [2060, 2260] [2094.6728967939666, 2121.9655032886803]
1 0 0.022182142361998558 07120 [2070, 2270] [2094.6728967939666, 2121.9655032886803]
1 0 0.054712310433387756 07120 [2080, 2280] [2094.6728967939666, 2121.9655032886803]
1 0 0.018882740288972855 07120 [2090, 2290] [2094.6728967939666, 2121.9655032886803]
1 0 0.20522911846637726 50116 [290, 490] [291.3, 332.2]
1 0 0.212786003947258 50202 [3450, 3650] [3573.3, 3595.1]
1 0 0.2968630790710449 50202 [3460, 3660] [3573.3, 3595.1]
1 0 0.23379002511501312 50202 [3480, 3680] [3573.3, 3595.1]
1 0 0.31337466835975647 50202 [3490, 3690] [3573.3, 3595.1]
1 0 0.20632503926753998 50202 [3510, 3710] [3573.3, 3595.1]
1 0 0.2741541862487793 50202 [3520, 3720] [3573.3, 3595.1]
1 0 0.45130664110183716 50202 [3530, 3730] [3573.3, 3595.1]
1 0 0.15387117862701416 50202 [3540, 3740] [3573.3, 3595.1]
1 0 0.319880872964859 50202 [3550, 3750] [3573.3, 3595.1]
1 0 0.0008548142504878342 04629 [1140, 1340] [1277.0836022418564, 1333.5296747650148]
1 0 0.0007413034327328205 04629 [1150, 1350] [1277.0836022418564, 1333.5296747650148]
1 0 0.0010210467735305429 04629 [1160, 1360] [1277.0836022418564, 1333.5296747650148]
1 0 0.0011582854203879833 04629 [1170, 1370] [1277.0836022418564, 1333.5296747650148]
1 0 0.0028599409852176905 04629 [1180, 1380] [1277.0836022418564, 1333.5296747650148]
1 0 0.001556961564347148 04629 [1190, 1390] [1277.0836022418564, 1333.5296747650148]
1 0 0.002170795341953635 04629 [1200, 1400] [1277.0836022418564, 1333.5296747650148]
1 0 0.001522270729765296 04629 [1210, 1410] [1277.0836022418564, 1333.5296747650148]
1 0 0.0022155020851641893 04629 [1220, 1420] [1277.0836022418564, 1333.5296747650148]
1 0 0.0018760900711640716 04629 [1230, 1430] [1277.0836022418564, 1333.5296747650148]
1 0 0.002598445164039731 04629 [1240, 1440] [1277.0836022418564, 1333.5296747650148]
1 0 0.009343783371150494 04629 [1250, 1450] [1277.0836022418564, 1333.5296747650148]
1 0 0.005545350722968578 04629 [1260, 1460] [1277.0836022418564, 1333.5296747650148]
1 0 0.007256962824612856 04629 [1270, 1470] [1277.0836022418564, 1333.5296747650148]
1 0 0.0018768266309052706 01117 [2640, 2840] [2804.2000000000003, 2833.3]
1 0 0.000597245991230011 01117 [2650, 2850] [2804.2000000000003, 2833.3]
1 0 0.0006310148746706545 01117 [2660, 2860] [2804.2000000000003, 2833.3]
1 0 0.006425773724913597 01117 [2670, 2870] [2804.2000000000003, 2833.3]
1 0 0.0004108355788048357 01117 [2680, 2880] [2804.2000000000003, 2833.3]
1 0 0.0003860051219817251 01117 [2690, 2890] [2804.2000000000003, 2833.3]
1 0 0.0030589026864618063 01117 [2700, 2900] [2804.2000000000003, 2833.3]
1 0 0.0003059147857129574 01117 [2710, 2910] [2804.2000000000003, 2833.3]
1 0 0.00043226865818724036 01117 [2720, 2920] [2804.2000000000003, 2833.3]
1 0 0.0033615014981478453 01117 [2730, 2930] [2804.2000000000003, 2833.3]
1 0 0.050116509199142456 01117 [2740, 2940] [2804.2000000000003, 2833.3]
1 0 0.04313027858734131 01117 [2750, 2950] [2804.2000000000003, 2833.3]
1 0 0.00010478930926183239 19505 [460, 660] [625.9058937979958, 653.1985002927098]
1 0 3.726629802258685e-05 19505 [470, 670] [625.9058937979958, 653.1985002927098]
1 0 5.589211286860518e-05 19505 [480, 680] [625.9058937979958, 653.1985002927098]
1 0 4.6217828639782965e-05 19505 [490, 690] [625.9058937979958, 653.1985002927098]
1 0 3.730099706444889e-05 19505 [500, 700] [625.9058937979958, 653.1985002927098]
1 0 5.006827268516645e-05 19505 [510, 710] [625.9058937979958, 653.1985002927098]
1 0 0.000911159731913358 19505 [520, 720] [625.9058937979958, 653.1985002927098]
1 0 0.12031877785921097 19505 [530, 730] [625.9058937979958, 653.1985002927098]
1 0 0.10502900183200836 19505 [770, 970] [943.0552446709598, 964.7652725644822]
1 0 0.05787453427910805 19505 [780, 980] [943.0552446709598, 964.7652725644822]
1 0 0.16977040469646454 19505 [790, 990] [943.0552446709598, 964.7652725644822]
1 0 0.12277867645025253 19505 [800, 1000] [943.0552446709598, 964.7652725644822]
1 0 0.0539364218711853 19505 [810, 1010] [943.0552446709598, 964.7652725644822]
1 0 0.14754866063594818 19505 [820, 1020] [943.0552446709598, 964.7652725644822]
1 0 0.1163637712597847 19505 [830, 1030] [943.0552446709598, 964.7652725644822]
1 0 0.05153996869921684 19505 [840, 1040] [943.0552446709598, 964.7652725644822]
1 0 0.13319942355155945 19505 [850, 1050] [943.0552446709598, 964.7652725644822]
1 0 0.11129032075405121 19505 [860, 1060] [943.0552446709598, 964.7652725644822]
1 0 0.04324539005756378 19505 [870, 1070] [943.0552446709598, 964.7652725644822]
1 0 0.13598273694515228 19505 [880, 1080] [943.0552446709598, 964.7652725644822]
1 0 0.10508542507886887 19505 [890, 1090] [943.0552446709598, 964.7652725644822]
1 0 0.0403289832174778 19505 [900, 1100] [943.0552446709598, 964.7652725644822]
1 0 0.12404294312000275 19505 [910, 1110] [943.0552446709598, 964.7652725644822]
1 0 0.08052525669336319 19505 [920, 1120] [943.0552446709598, 964.7652725644822]
1 0 0.026091625913977623 19505 [930, 1130] [943.0552446709598, 964.7652725644822]
1 0 0.014722304418683052 19505 [940, 1140] [943.0552446709598, 964.7652725644822]
1 0 0.4634058475494385 19505 [2320, 2520] [2439.552197045353, 2468.7056630737975]
1 0 0.4511736035346985 19505 [2380, 2580] [2439.552197045353, 2468.7056630737975]
1 0 0.03553758189082146 19505 [3390, 3590] [3560.775810117429, 3584.346697544682]
1 0 0.2798627018928528 19505 [3400, 3600] [3560.775810117429, 3584.346697544682]
1 0 0.01628127135336399 19505 [3730, 3930] [3895.29318330521, 3913.2814921312715]
1 0 0.04970452934503555 19505 [3740, 3940] [3895.29318330521, 3913.2814921312715]
1 0 0.47420984506607056 19505 [3750, 3950] [3895.29318330521, 3913.2814921312715]
1 0 0.005297038704156876 19505 [3760, 3960] [3895.29318330521, 3913.2814921312715]
1 0 0.01861683465540409 19505 [3770, 3970] [3895.29318330521, 3913.2814921312715]
1 0 0.015474991872906685 19505 [3790, 3990] [3895.29318330521, 3913.2814921312715]
1 0 0.06097263842821121 19505 [3800, 4000] [3895.29318330521, 3913.2814921312715]
1 0 0.03853704780340195 19505 [3820, 4020] [3895.29318330521, 3913.2814921312715]
1 0 0.12666602432727814 19505 [3830, 4030] [3895.29318330521, 3913.2814921312715]
1 0 0.0983203575015068 19505 [3850, 4050] [3895.29318330521, 3913.2814921312715]
1 0 0.1444261074066162 19505 [3860, 4060] [3895.29318330521, 3913.2814921312715]
1 0 0.19225963950157166 19505 [3880, 4080] [3895.29318330521, 3913.2814921312715]
1 0 0.06372236460447311 19505 [3890, 4090] [3895.29318330521, 3913.2814921312715]
1 0 8.347455150214955e-05 19505 [3900, 4100] [4005.549110678742, 4045.557590653948]
1 0 0.00025841634487733245 19505 [3910, 4110] [4005.549110678742, 4045.557590653948]
1 0 0.0001540499069960788 19505 [3920, 4120] [4005.549110678742, 4045.557590653948]
1 0 7.660465053049847e-05 19505 [3930, 4130] [4005.549110678742, 4045.557590653948]
1 0 0.00025473599089309573 19505 [3940, 4140] [4005.549110678742, 4045.557590653948]
1 0 0.0010915175080299377 19505 [3950, 4150] [4005.549110678742, 4045.557590653948]
1 0 0.0005127393524162471 19505 [3960, 4160] [4005.549110678742, 4045.557590653948]
1 0 0.00047826877562329173 19505 [3970, 4170] [4005.549110678742, 4045.557590653948]
1 0 0.0013375633861869574 19505 [3980, 4180] [4005.549110678742, 4045.557590653948]
1 0 0.0007565474370494485 19505 [3990, 4190] [4005.549110678742, 4045.557590653948]
1 0 0.0006443699821829796 19505 [4000, 4200] [4005.549110678742, 4045.557590653948]
1 0 0.38107404112815857 19505 [4200, 4400] [4359.450437342884, 4399.148774062468]
1 0 7.654010551050305e-05 19505 [4920, 5120] [5089.710604704018, 5111.420632597541]
1 0 7.367286161752418e-05 19505 [4930, 5130] [5089.710604704018, 5111.420632597541]
1 0 0.0001832893176469952 19505 [4940, 5140] [5089.710604704018, 5111.420632597541]
1 0 6.48872519377619e-05 19505 [4950, 5150] [5089.710604704018, 5111.420632597541]
1 0 7.930492574814707e-05 19505 [4960, 5160] [5089.710604704018, 5111.420632597541]
1 0 0.00019000870815943927 19505 [4970, 5170] [5089.710604704018, 5111.420632597541]
1 0 7.117880159057677e-05 19505 [4980, 5180] [5089.710604704018, 5111.420632597541]
1 0 0.0003621509822551161 19505 [4990, 5190] [5089.710604704018, 5111.420632597541]
1 0 0.0004111141315661371 19505 [5000, 5200] [5089.710604704018, 5111.420632597541]
1 0 0.0006144569488242269 19505 [5010, 5210] [5089.710604704018, 5111.420632597541]
1 0 0.0008154448587447405 19505 [5020, 5220] [5089.710604704018, 5111.420632597541]
1 0 0.0009542614570818841 19505 [5030, 5230] [5089.710604704018, 5111.420632597541]
1 0 0.00110444868914783 19505 [5040, 5240] [5089.710604704018, 5111.420632597541]
1 0 0.0013250040356069803 19505 [5050, 5250] [5089.710604704018, 5111.420632597541]
1 0 0.002256497275084257 19505 [5060, 5260] [5089.710604704018, 5111.420632597541]
1 0 0.0015713861212134361 19505 [5070, 5270] [5089.710604704018, 5111.420632597541]
1 0 0.0016713252989575267 19505 [5080, 5280] [5089.710604704018, 5111.420632597541]
1 0 0.07428814470767975 50413 [1980, 2180] [2148.4, 2175.7999999999997]
1 0 0.2371339499950409 50413 [2000, 2200] [2148.4, 2175.7999999999997]
1 0 0.3101249635219574 50413 [2010, 2210] [2148.4, 2175.7999999999997]
1 0 0.2114306539297104 50413 [2030, 2230] [2148.4, 2175.7999999999997]
1 0 0.25517359375953674 50413 [2040, 2240] [2148.4, 2175.7999999999997]
1 0 0.1942022144794464 50413 [2060, 2260] [2148.4, 2175.7999999999997]
1 0 0.1847163438796997 50413 [2070, 2270] [2148.4, 2175.7999999999997]
1 0 0.2572554051876068 50413 [2090, 2290] [2148.4, 2175.7999999999997]
1 0 0.2387758195400238 50413 [2100, 2300] [2148.4, 2175.7999999999997]
1 0 0.31654682755470276 50413 [2120, 2320] [2148.4, 2175.7999999999997]
1 0 0.4280897080898285 50413 [2130, 2330] [2148.4, 2175.7999999999997]
1 0 0.38638073205947876 50413 [3950, 4150] [4103.6, 4133.0]
1 0 0.45855507254600525 50413 [4040, 4240] [4103.6, 4133.0]
1 0 0.46461689472198486 50413 [4070, 4270] [4103.6, 4133.0]
1 0 0.4939393699169159 50413 [4100, 4300] [4103.6, 4133.0]
1 0 0.0048750173300504684 50413 [4140, 4340] [4319.0, 4338.6]
1 0 0.0007279980345629156 50413 [4150, 4350] [4319.0, 4338.6]
1 0 0.09522100538015366 50413 [4160, 4360] [4319.0, 4338.6]
1 0 0.021812938153743744 50413 [4170, 4370] [4319.0, 4338.6]
1 0 0.0022642207331955433 50413 [4180, 4380] [4319.0, 4338.6]
1 0 0.20768721401691437 50413 [4190, 4390] [4319.0, 4338.6]
1 0 0.04949900880455971 50413 [4200, 4400] [4319.0, 4338.6]
1 0 0.006358275655657053 50413 [4210, 4410] [4319.0, 4338.6]
1 0 0.21762396395206451 50413 [4230, 4430] [4319.0, 4338.6]
1 0 0.007734648417681456 50413 [4240, 4440] [4319.0, 4338.6]
1 0 0.37109872698783875 50413 [4250, 4450] [4319.0, 4338.6]
1 0 0.3891727924346924 50413 [4260, 4460] [4319.0, 4338.6]
1 0 0.056224752217531204 50413 [4270, 4470] [4319.0, 4338.6]
1 0 0.4444787800312042 50413 [4290, 4490] [4319.0, 4338.6]
1 0 0.031506724655628204 50413 [4300, 4500] [4319.0, 4338.6]
1 0 0.2086438536643982 50413 [4310, 4510] [4319.0, 4338.6]
1 0 0.4785137176513672 50413 [4570, 4770] [4724.3, 4751.700000000001]
1 0 0.49352777004241943 50413 [4600, 4800] [4724.3, 4751.700000000001]
1 0 0.039230793714523315 50120 [3220, 3420] [3317.4, 3352.6000000000004]
1 0 0.011100096628069878 50120 [3230, 3430] [3317.4, 3352.6000000000004]
1 0 0.0036760312505066395 50120 [3240, 3440] [3317.4, 3352.6000000000004]
1 0 0.004817717708647251 50120 [3250, 3450] [3317.4, 3352.6000000000004]
1 0 0.0060087027959525585 50120 [3260, 3460] [3317.4, 3352.6000000000004]
1 0 0.004308668896555901 50120 [3270, 3470] [3317.4, 3352.6000000000004]
1 0 0.008614709600806236 50120 [3280, 3480] [3317.4, 3352.6000000000004]
1 0 0.01264679990708828 50120 [3290, 3490] [3317.4, 3352.6000000000004]
1 0 0.011072661727666855 50120 [3300, 3500] [3317.4, 3352.6000000000004]
1 0 0.007660993840545416 50120 [3310, 3510] [3317.4, 3352.6000000000004]
1 0 0.49508732557296753 35412 [1870, 2070] [2040.0876838045388, 2060.557138675574]
1 0 0.3505174517631531 35412 [1890, 2090] [2040.0876838045388, 2060.557138675574]
1 0 0.03998161852359772 35412 [1900, 2100] [2040.0876838045388, 2060.557138675574]
1 0 0.3419926166534424 35412 [1920, 2120] [2040.0876838045388, 2060.557138675574]
1 0 0.06833747029304504 35412 [1930, 2130] [2040.0876838045388, 2060.557138675574]
1 0 0.4427700638771057 35412 [1940, 2140] [2040.0876838045388, 2060.557138675574]
1 0 0.1505942940711975 35412 [1950, 2150] [2040.0876838045388, 2060.557138675574]
1 0 0.07026169449090958 35412 [1960, 2160] [2040.0876838045388, 2060.557138675574]
1 0 0.37619325518608093 35412 [1970, 2170] [2040.0876838045388, 2060.557138675574]
1 0 0.09426592290401459 35412 [1980, 2180] [2040.0876838045388, 2060.557138675574]
1 0 0.02875637821853161 35412 [1990, 2190] [2040.0876838045388, 2060.557138675574]
1 0 0.0921403244137764 35412 [2000, 2200] [2040.0876838045388, 2060.557138675574]
1 0 0.014347250573337078 35412 [2010, 2210] [2040.0876838045388, 2060.557138675574]
1 0 0.0038377537857741117 35412 [2020, 2220] [2040.0876838045388, 2060.557138675574]
1 0 0.05322141572833061 35412 [2030, 2230] [2040.0876838045388, 2060.557138675574]
1 0 0.004814349580556154 35412 [2040, 2240] [2040.0876838045388, 2060.557138675574]
1 0 0.0005197108839638531 35412 [5730, 5930] [5908.752096836071, 5924.879546128403]
1 0 0.0014149472117424011 35412 [5740, 5940] [5908.752096836071, 5924.879546128403]
1 0 0.0005568297929130495 35412 [5750, 5950] [5908.752096836071, 5924.879546128403]
1 0 0.006809643469750881 35412 [5760, 5960] [5908.752096836071, 5924.879546128403]
1 0 0.009717361070215702 35412 [5770, 5970] [5908.752096836071, 5924.879546128403]
1 0 0.17875272035598755 49505 [2290, 2490] [2435.2, 2474.3]
1 0 0.1517469584941864 49505 [2300, 2500] [2435.2, 2474.3]
1 0 0.36987441778182983 49505 [2310, 2510] [2435.2, 2474.3]
1 0 0.09192904084920883 49505 [2320, 2520] [2435.2, 2474.3]
1 0 0.10365554690361023 49505 [2330, 2530] [2435.2, 2474.3]
1 0 0.3430691659450531 49505 [2340, 2540] [2435.2, 2474.3]
1 0 0.23951342701911926 49505 [2350, 2550] [2435.2, 2474.3]
1 0 0.23872320353984833 49505 [2360, 2560] [2435.2, 2474.3]
1 0 0.27755358815193176 49505 [2380, 2580] [2435.2, 2474.3]
1 0 0.21067453920841217 49505 [2390, 2590] [2435.2, 2474.3]
1 0 0.2344427853822708 49505 [2410, 2610] [2435.2, 2474.3]
1 0 0.1911902129650116 49505 [2420, 2620] [2435.2, 2474.3]
1 0 0.3443093001842499 49505 [2430, 2630] [2435.2, 2474.3]
1 0 0.03278104588389397 49505 [3880, 4080] [4034.6000000000004, 4075.5000000000005]
1 0 0.10247500985860825 49505 [3890, 4090] [4034.6000000000004, 4075.5000000000005]
1 0 0.04769524559378624 49505 [3900, 4100] [4034.6000000000004, 4075.5000000000005]
1 0 0.051486555486917496 49505 [3910, 4110] [4034.6000000000004, 4075.5000000000005]
1 0 0.05615324527025223 49505 [3920, 4120] [4034.6000000000004, 4075.5000000000005]
1 0 0.019665390253067017 49505 [3930, 4130] [4034.6000000000004, 4075.5000000000005]
1 0 0.016357596963644028 49505 [3940, 4140] [4034.6000000000004, 4075.5000000000005]
1 0 0.05269432067871094 49505 [3950, 4150] [4034.6000000000004, 4075.5000000000005]
1 0 0.06162271276116371 49505 [3960, 4160] [4034.6000000000004, 4075.5000000000005]
1 0 0.088616281747818 49505 [3970, 4170] [4034.6000000000004, 4075.5000000000005]
1 0 0.19130408763885498 49505 [3980, 4180] [4034.6000000000004, 4075.5000000000005]
1 0 0.05793539062142372 49505 [3990, 4190] [4034.6000000000004, 4075.5000000000005]
1 0 0.06655454635620117 49505 [4000, 4200] [4034.6000000000004, 4075.5000000000005]
1 0 0.17156317830085754 49505 [4010, 4210] [4034.6000000000004, 4075.5000000000005]
1 0 0.04216808080673218 49505 [4020, 4220] [4034.6000000000004, 4075.5000000000005]
1 0 0.009886957705020905 49505 [4030, 4230] [4034.6000000000004, 4075.5000000000005]
1 0 0.16997256875038147 49301 [0, 200] [34.1, 61.4]
1 0 0.09087710082530975 49301 [10, 210] [34.1, 61.4]
1 0 0.10501627624034882 49301 [20, 220] [34.1, 61.4]
1 0 0.017820483073592186 49301 [30, 230] [34.1, 61.4]
1 0 0.002776371780782938 49301 [2070, 2270] [2238.2999999999997, 2266.2]
1 0 0.0014796117320656776 49301 [2080, 2280] [2238.2999999999997, 2266.2]
1 0 0.000292622804408893 49301 [2090, 2290] [2238.2999999999997, 2266.2]
1 0 0.0015903974417597055 49301 [2100, 2300] [2238.2999999999997, 2266.2]
1 0 0.002307634335011244 49301 [2110, 2310] [2238.2999999999997, 2266.2]
1 0 0.0004432469722814858 49301 [2120, 2320] [2238.2999999999997, 2266.2]
1 0 0.0038587364833801985 49301 [2130, 2330] [2238.2999999999997, 2266.2]
1 0 0.0035766081418842077 49301 [2140, 2340] [2238.2999999999997, 2266.2]
1 0 0.0012216368922963738 49301 [2150, 2350] [2238.2999999999997, 2266.2]
1 0 0.007219452876597643 49301 [2160, 2360] [2238.2999999999997, 2266.2]
1 0 0.00636798283085227 49301 [2170, 2370] [2238.2999999999997, 2266.2]
1 0 0.002216703025624156 49301 [2180, 2380] [2238.2999999999997, 2266.2]
1 0 0.010256826877593994 49301 [2190, 2390] [2238.2999999999997, 2266.2]
1 0 0.006835352163761854 49301 [2200, 2400] [2238.2999999999997, 2266.2]
1 0 0.00250244396738708 49301 [2210, 2410] [2238.2999999999997, 2266.2]
1 0 0.006072575226426125 49301 [2220, 2420] [2238.2999999999997, 2266.2]
1 0 0.0027396935038268566 49301 [2230, 2430] [2238.2999999999997, 2266.2]
1 0 0.09577415883541107 50406 [860, 1060] [1015.6, 1053.6]
1 0 0.0592680387198925 50406 [870, 1070] [1015.6, 1053.6]
1 0 0.05108220502734184 50406 [880, 1080] [1015.6, 1053.6]
1 0 0.114473856985569 50406 [890, 1090] [1015.6, 1053.6]
1 0 0.07883787900209427 50406 [900, 1100] [1015.6, 1053.6]
1 0 0.22667957842350006 50406 [910, 1110] [1015.6, 1053.6]
1 0 0.48218056559562683 50406 [920, 1120] [1015.6, 1053.6]
1 0 0.17861878871917725 50406 [1470, 1670] [1482.7, 1514.4]
1 0 0.11909295618534088 50406 [1480, 1680] [1482.7, 1514.4]
1 0 0.006123367231339216 50406 [1490, 1690] [1588.4, 1643.1000000000001]
1 0 0.0044143106788396835 50406 [1500, 1700] [1588.4, 1643.1000000000001]
1 0 0.00597382802516222 50406 [1510, 1710] [1588.4, 1643.1000000000001]
1 0 0.009805438108742237 50406 [1520, 1720] [1588.4, 1643.1000000000001]
1 0 0.006902981549501419 50406 [1530, 1730] [1588.4, 1643.1000000000001]
1 0 0.01318709272891283 50406 [1540, 1740] [1588.4, 1643.1000000000001]
1 0 0.01568012684583664 50406 [1550, 1750] [1588.4, 1643.1000000000001]
1 0 0.04389091208577156 50406 [1560, 1760] [1588.4, 1643.1000000000001]
1 0 0.2621908187866211 50406 [1570, 1770] [1588.4, 1643.1000000000001]
1 0 0.16378143429756165 50406 [1630, 1830] [1641.1000000000001, 1674.0000000000002]
1 0 0.32716572284698486 50406 [1640, 1840] [1641.1000000000001, 1674.0000000000002]
1 0 0.20918972790241241 50406 [1650, 1850] [1720.6, 1751.7]
1 0 0.06207181140780449 50406 [1660, 1860] [1720.6, 1751.7]
1 0 0.1673433631658554 50406 [1670, 1870] [1720.6, 1751.7]
1 0 0.047914862632751465 50406 [1680, 1880] [1720.6, 1751.7]
1 0 0.05595513433218002 50406 [1690, 1890] [1720.6, 1751.7]
1 0 0.241694837808609 50406 [1700, 1900] [1720.6, 1751.7]
1 0 0.1252182424068451 50406 [1710, 1910] [1720.6, 1751.7]
1 0 0.003968219738453627 50406 [2200, 2400] [2375.1, 2396.9]
1 0 0.0006140237674117088 50406 [2210, 2410] [2375.1, 2396.9]
1 0 0.0006480250158347189 50406 [2220, 2420] [2375.1, 2396.9]
1 0 0.002264856593683362 50406 [2230, 2430] [2375.1, 2396.9]
1 0 0.00034721981501206756 50406 [2240, 2440] [2375.1, 2396.9]
1 0 0.0006594734732061625 50406 [2250, 2450] [2375.1, 2396.9]
1 0 0.0015643879305571318 50406 [2260, 2460] [2375.1, 2396.9]
1 0 0.0005045176949352026 50406 [2270, 2470] [2375.1, 2396.9]
1 0 0.0009131734259426594 50406 [2280, 2480] [2375.1, 2396.9]
1 0 0.003412957303225994 50406 [2290, 2490] [2375.1, 2396.9]
1 0 0.0011350363492965698 50406 [2300, 2500] [2375.1, 2396.9]
1 0 0.0016928438562899828 50406 [2310, 2510] [2375.1, 2396.9]
1 0 0.008641955442726612 50406 [2320, 2520] [2375.1, 2396.9]
1 0 0.003472866490483284 50406 [2330, 2530] [2375.1, 2396.9]
1 0 0.0036681743804365396 50406 [2340, 2540] [2375.1, 2396.9]
1 0 0.020004183053970337 50406 [2350, 2550] [2375.1, 2396.9]
1 0 0.10037665069103241 50406 [2360, 2560] [2375.1, 2396.9]
1 0 0.10080327838659286 50406 [2370, 2570] [2375.1, 2396.9]
1 0 0.010030867531895638 50406 [2380, 2580] [2522.5, 2554.8]
1 0 0.001657406217418611 50406 [2390, 2590] [2522.5, 2554.8]
1 0 0.010194522328674793 50406 [2400, 2600] [2522.5, 2554.8]
1 0 0.008989403955638409 50406 [2410, 2610] [2522.5, 2554.8]
1 0 0.0027290156576782465 50406 [2420, 2620] [2522.5, 2554.8]
1 0 0.004400432109832764 50406 [2430, 2630] [2522.5, 2554.8]
1 0 0.01041970495134592 50406 [2440, 2640] [2522.5, 2554.8]
1 0 0.0036067254841327667 50406 [2450, 2650] [2522.5, 2554.8]
1 0 0.007940923795104027 50406 [2460, 2660] [2522.5, 2554.8]
1 0 0.009938712231814861 50406 [2470, 2670] [2522.5, 2554.8]
1 0 0.0034808777272701263 50406 [2480, 2680] [2522.5, 2554.8]
1 0 0.011205258779227734 50406 [2490, 2690] [2522.5, 2554.8]
1 0 0.007822366431355476 50406 [2500, 2700] [2522.5, 2554.8]
1 0 0.0016740740975365043 50406 [2510, 2710] [2522.5, 2554.8]
1 0 0.002102908445522189 50406 [2520, 2720] [2522.5, 2554.8]
1 0 0.001480216276831925 50406 [2620, 2820] [2786.3, 2816.7999999999997]
1 0 0.0019521929789334536 50406 [2630, 2830] [2786.3, 2816.7999999999997]
1 0 0.004661287181079388 50406 [2640, 2840] [2786.3, 2816.7999999999997]
1 0 0.0013292654184624553 50406 [2650, 2850] [2786.3, 2816.7999999999997]
1 0 0.0018446057802066207 50406 [2660, 2860] [2786.3, 2816.7999999999997]
1 0 0.002886042697355151 50406 [2670, 2870] [2786.3, 2816.7999999999997]
1 0 0.0009001927101053298 50406 [2680, 2880] [2786.3, 2816.7999999999997]
1 0 0.001044257078319788 50406 [2690, 2890] [2786.3, 2816.7999999999997]
1 0 0.003575009061023593 50406 [2700, 2900] [2786.3, 2816.7999999999997]
1 0 0.0009103743359446526 50406 [2710, 2910] [2786.3, 2816.7999999999997]
1 0 0.00384583231061697 50406 [2720, 2920] [2786.3, 2816.7999999999997]
1 0 0.008481849916279316 50406 [2960, 3160] [3132.1000000000004, 3152.6]
1 0 0.020904837176203728 50406 [2970, 3170] [3132.1000000000004, 3152.6]
1 0 0.02577991783618927 50406 [2980, 3180] [3132.1000000000004, 3152.6]
1 0 0.011420809663832188 50406 [2990, 3190] [3132.1000000000004, 3152.6]
1 0 0.019196659326553345 50406 [3000, 3200] [3132.1000000000004, 3152.6]
1 0 0.0267784483730793 50406 [3010, 3210] [3132.1000000000004, 3152.6]
1 0 0.012130359187722206 50406 [3020, 3220] [3132.1000000000004, 3152.6]
1 0 0.01984541304409504 50406 [3030, 3230] [3132.1000000000004, 3152.6]
1 0 0.011632823385298252 50406 [3040, 3240] [3132.1000000000004, 3152.6]
1 0 0.0008144663879647851 50406 [3050, 3250] [3132.1000000000004, 3152.6]
1 0 0.0030945688486099243 50406 [3060, 3260] [3132.1000000000004, 3152.6]
1 0 0.005181413143873215 50406 [3070, 3270] [3132.1000000000004, 3152.6]
1 0 0.0010518027702346444 50406 [3080, 3280] [3132.1000000000004, 3152.6]
1 0 0.0026830965653061867 50406 [3090, 3290] [3132.1000000000004, 3152.6]
1 0 0.004376203287392855 50406 [3100, 3300] [3132.1000000000004, 3152.6]
1 0 0.0002609535586088896 50406 [3110, 3310] [3132.1000000000004, 3152.6]
1 0 0.0004681506543420255 50406 [3120, 3320] [3132.1000000000004, 3152.6]
1 0 0.009162629023194313 50406 [3130, 3330] [3132.1000000000004, 3152.6]
1 0 0.001248671906068921 50406 [3150, 3350] [3313.4, 3347.6]
1 0 0.005010048858821392 50406 [3160, 3360] [3313.4, 3347.6]
1 0 0.0010955882025882602 50406 [3170, 3370] [3313.4, 3347.6]
1 0 0.003784959437325597 50406 [3180, 3380] [3313.4, 3347.6]
1 0 0.010354935191571712 50406 [3190, 3390] [3313.4, 3347.6]
1 0 0.0013402398908510804 50406 [3200, 3400] [3313.4, 3347.6]
1 0 0.0018856468377634883 50406 [3210, 3410] [3313.4, 3347.6]
1 0 0.006991714239120483 50406 [3220, 3420] [3313.4, 3347.6]
1 0 0.008397677913308144 50406 [3230, 3430] [3313.4, 3347.6]
1 0 0.02050926350057125 50406 [3240, 3440] [3313.4, 3347.6]
1 0 0.03503744676709175 50406 [3250, 3450] [3313.4, 3347.6]
1 0 0.006068817805498838 50406 [3260, 3460] [3313.4, 3347.6]
1 0 0.0018679624190554023 50406 [3270, 3470] [3313.4, 3347.6]
1 0 0.0014070087345317006 50406 [3280, 3480] [3313.4, 3347.6]
1 0 0.0008896306389942765 50406 [3290, 3490] [3313.4, 3347.6]
1 0 0.0026520679239183664 50406 [3300, 3500] [3313.4, 3347.6]
1 0 0.001735315308906138 50406 [3310, 3510] [3313.4, 3347.6]
1 0 0.1266299933195114 50406 [3640, 3840] [3641.3, 3667.4]
1 0 0.0005640477756969631 50406 [3650, 3850] [3702.7999999999997, 3732.7]
1 0 0.0004453524888958782 50406 [3660, 3860] [3702.7999999999997, 3732.7]
1 0 0.000533738115336746 50406 [3670, 3870] [3702.7999999999997, 3732.7]
1 0 0.0016667424933984876 50406 [3680, 3880] [3702.7999999999997, 3732.7]
1 0 0.00016984307148959488 50406 [3690, 3890] [3702.7999999999997, 3732.7]
1 0 0.00016573347966186702 50406 [3700, 3900] [3702.7999999999997, 3732.7]
1 0 0.0003697043575812131 50406 [3890, 4090] [4025.2000000000003, 4085.6000000000004]
1 0 0.001016882248222828 50406 [3900, 4100] [4025.2000000000003, 4085.6000000000004]
1 0 0.0011101982090622187 50406 [3910, 4110] [4025.2000000000003, 4085.6000000000004]
1 0 0.00044711207738146186 50406 [3920, 4120] [4025.2000000000003, 4085.6000000000004]
1 0 0.000883903237991035 50406 [3930, 4130] [4025.2000000000003, 4085.6000000000004]
1 0 0.0018172276904806495 50406 [3940, 4140] [4025.2000000000003, 4085.6000000000004]
1 0 0.000359215191565454 50406 [3950, 4150] [4025.2000000000003, 4085.6000000000004]
1 0 0.0006408984772861004 50406 [3960, 4160] [4025.2000000000003, 4085.6000000000004]
1 0 0.00027402929845266044 50406 [3970, 4170] [4025.2000000000003, 4085.6000000000004]
1 0 0.00018718831415753812 50406 [3980, 4180] [4025.2000000000003, 4085.6000000000004]
1 0 0.00023153757501859218 50406 [3990, 4190] [4025.2000000000003, 4085.6000000000004]
1 0 0.00028464957722462714 50406 [4000, 4200] [4025.2000000000003, 4085.6000000000004]
1 0 0.00021444031153805554 50406 [4010, 4210] [4025.2000000000003, 4085.6000000000004]
1 0 0.0006476836279034615 50406 [4020, 4220] [4025.2000000000003, 4085.6000000000004]
1 0 0.2809840142726898 50406 [4130, 4330] [4291.0, 4315.9]
1 0 0.4363125264644623 50406 [4160, 4360] [4291.0, 4315.9]
1 0 0.4697175920009613 50406 [4220, 4420] [4291.0, 4315.9]
1 0 0.47841566801071167 50406 [4280, 4480] [4291.0, 4315.9]
1 0 0.39798039197921753 50406 [4290, 4490] [4291.0, 4315.9]
1 0 0.4347659945487976 50406 [4510, 4710] [4628.3, 4686.2]
1 0 0.17126457393169403 50406 [4520, 4720] [4628.3, 4686.2]
1 0 0.16022756695747375 50406 [4530, 4730] [4628.3, 4686.2]
1 0 0.18876852095127106 50406 [4540, 4740] [4628.3, 4686.2]
1 0 0.10173448175191879 50406 [4550, 4750] [4628.3, 4686.2]
1 0 0.06978940963745117 50406 [4560, 4760] [4628.3, 4686.2]
1 0 0.1396293044090271 50406 [4570, 4770] [4628.3, 4686.2]
1 0 0.13455712795257568 50406 [4580, 4780] [4628.3, 4686.2]
1 0 0.0685596615076065 50406 [4590, 4790] [4628.3, 4686.2]
1 0 0.1017625704407692 50406 [4600, 4800] [4628.3, 4686.2]
1 0 0.041590455919504166 50406 [4610, 4810] [4628.3, 4686.2]
1 0 0.03765786811709404 50406 [4620, 4820] [4628.3, 4686.2]
1 0 0.05058978497982025 50406 [4780, 4980] [4937.1, 4971.3]
1 0 0.21536684036254883 50406 [4790, 4990] [4937.1, 4971.3]
1 0 0.07326145470142365 50406 [4800, 5000] [4937.1, 4971.3]
1 0 0.10957541316747665 50406 [4810, 5010] [4937.1, 4971.3]
1 0 0.04250002279877663 50406 [4820, 5020] [4937.1, 4971.3]
1 0 0.05457555130124092 50406 [4830, 5030] [4937.1, 4971.3]
1 0 0.14047764241695404 50406 [4840, 5040] [4937.1, 4971.3]
1 0 0.07294174283742905 50406 [4850, 5050] [4937.1, 4971.3]
1 0 0.05178546532988548 50406 [4860, 5060] [4937.1, 4971.3]
1 0 0.20902617275714874 50406 [4870, 5070] [4937.1, 4971.3]
1 0 0.10052821040153503 50406 [4880, 5080] [4937.1, 4971.3]
1 0 0.06851042062044144 50406 [4890, 5090] [4937.1, 4971.3]
1 0 0.11899291723966599 50406 [4900, 5100] [4937.1, 4971.3]
1 0 0.0482943095266819 50406 [4910, 5110] [4937.1, 4971.3]
1 0 0.08739129453897476 50406 [4920, 5120] [4937.1, 4971.3]
1 0 0.25139451026916504 50406 [4930, 5130] [4937.1, 4971.3]
1 0 0.44442519545555115 50406 [4980, 5180] [5107.200000000001, 5166.900000000001]
1 0 0.38802239298820496 50406 [5070, 5270] [5107.200000000001, 5166.900000000001]
1 0 0.38000112771987915 50406 [5080, 5280] [5107.200000000001, 5166.900000000001]
1 0 0.42683470249176025 50406 [5090, 5290] [5107.200000000001, 5166.900000000001]
1 0 0.2384343147277832 50406 [5100, 5300] [5107.200000000001, 5166.900000000001]
1 0 0.007988282479345798 27511 [4080, 4280] [4236.193307884467, 4278.8953953969285]
1 0 0.006276783999055624 27511 [4090, 4290] [4236.193307884467, 4278.8953953969285]
1 0 0.13725867867469788 27511 [4100, 4300] [4236.193307884467, 4278.8953953969285]
1 0 0.009931315667927265 27511 [4110, 4310] [4236.193307884467, 4278.8953953969285]
1 0 0.002632629359140992 27511 [4120, 4320] [4236.193307884467, 4278.8953953969285]
1 0 0.10426612943410873 27511 [4130, 4330] [4236.193307884467, 4278.8953953969285]
1 0 0.001939520938321948 27511 [4140, 4340] [4236.193307884467, 4278.8953953969285]
1 0 0.0011279601603746414 27511 [4150, 4350] [4236.193307884467, 4278.8953953969285]
1 0 0.06415226310491562 27511 [4160, 4360] [4236.193307884467, 4278.8953953969285]
1 0 0.0031918685417622328 27511 [4170, 4370] [4236.193307884467, 4278.8953953969285]
1 0 0.0014005221892148256 27511 [4180, 4380] [4236.193307884467, 4278.8953953969285]
1 0 0.125139981508255 27511 [4190, 4390] [4236.193307884467, 4278.8953953969285]
1 0 0.005432881880551577 27511 [4200, 4400] [4236.193307884467, 4278.8953953969285]
1 0 0.0042349365539848804 27511 [4210, 4410] [4236.193307884467, 4278.8953953969285]
1 0 0.3042387068271637 27511 [4220, 4420] [4236.193307884467, 4278.8953953969285]
1 0 0.00010088404087582603 10205 [3870, 4070] [4046.1771170547954, 4065.4059989033435]
1 0 8.462361438432708e-05 10205 [3880, 4080] [4046.1771170547954, 4065.4059989033435]
1 0 8.315221930388361e-05 10205 [3890, 4090] [4046.1771170547954, 4065.4059989033435]
1 0 7.27163496776484e-05 10205 [3900, 4100] [4046.1771170547954, 4065.4059989033435]
1 0 9.610590495867655e-05 10205 [3910, 4110] [4046.1771170547954, 4065.4059989033435]
1 0 0.00029224363970570266 10205 [3920, 4120] [4046.1771170547954, 4065.4059989033435]
1 0 0.39286479353904724 01208 [2340, 2540] [2474.6000000000004, 2526.2]
1 0 0.45164549350738525 01208 [2370, 2570] [2474.6000000000004, 2526.2]
1 0 0.1853235512971878 01208 [2460, 2660] [2474.6000000000004, 2526.2]
1 0 0.3125765025615692 48610 [1500, 1700] [1636.2000000000003, 1682.1999999999998]
1 0 0.32655641436576843 48610 [1510, 1710] [1636.2000000000003, 1682.1999999999998]
1 0 0.1941470354795456 48610 [1520, 1720] [1636.2000000000003, 1682.1999999999998]
1 0 0.23987029492855072 48610 [1530, 1730] [1636.2000000000003, 1682.1999999999998]
1 0 0.27772843837738037 48610 [1540, 1740] [1636.2000000000003, 1682.1999999999998]
1 0 0.3014681935310364 48610 [1550, 1750] [1636.2000000000003, 1682.1999999999998]
1 0 0.369512677192688 48610 [1560, 1760] [1636.2000000000003, 1682.1999999999998]
1 0 0.4324248135089874 48610 [1580, 1780] [1636.2000000000003, 1682.1999999999998]
1 0 0.24792753159999847 48610 [1610, 1810] [1636.2000000000003, 1682.1999999999998]
1 0 0.2031533122062683 48610 [1620, 1820] [1636.2000000000003, 1682.1999999999998]
1 0 0.07109441608190536 48610 [5180, 5380] [5314.6, 5372.5]
1 0 0.057948142290115356 48610 [5190, 5390] [5314.6, 5372.5]
1 0 0.08863571286201477 48610 [5200, 5400] [5314.6, 5372.5]
1 0 0.07268082350492477 48610 [5210, 5410] [5314.6, 5372.5]
1 0 0.1836720108985901 48610 [5220, 5420] [5314.6, 5372.5]
1 0 0.2973114252090454 48610 [5230, 5430] [5314.6, 5372.5]
1 0 0.16981026530265808 48610 [5240, 5440] [5314.6, 5372.5]
1 0 0.18371376395225525 48610 [5250, 5450] [5314.6, 5372.5]
1 0 0.31840604543685913 48610 [5260, 5460] [5314.6, 5372.5]
1 0 0.3206341564655304 48610 [5270, 5470] [5314.6, 5372.5]
1 0 0.35948458313941956 48610 [5280, 5480] [5314.6, 5372.5]
1 0 0.3178275227546692 48610 [5290, 5490] [5314.6, 5372.5]
1 0 0.14466378092765808 48610 [5300, 5500] [5314.6, 5372.5]
1 0 0.2245878130197525 48610 [5310, 5510] [5314.6, 5372.5]
1 0 0.0008117491379380226 47328 [3810, 4010] [3965.0, 4003.2000000000003]
1 0 0.004052618984133005 47328 [3820, 4020] [3965.0, 4003.2000000000003]
1 0 0.005789848044514656 47328 [3830, 4030] [3965.0, 4003.2000000000003]
1 0 0.0022142890375107527 47328 [3840, 4040] [3965.0, 4003.2000000000003]
1 0 0.009694421663880348 47328 [3850, 4050] [3965.0, 4003.2000000000003]
1 0 0.008263489231467247 47328 [3860, 4060] [3965.0, 4003.2000000000003]
1 0 0.004402756225317717 47328 [3870, 4070] [3965.0, 4003.2000000000003]
1 0 0.022048525512218475 47328 [3880, 4080] [3965.0, 4003.2000000000003]
1 0 0.04295331612229347 47328 [3890, 4090] [3965.0, 4003.2000000000003]
1 0 0.0065718600526452065 47328 [3900, 4100] [3965.0, 4003.2000000000003]
1 0 0.11841767281293869 47328 [3910, 4110] [3965.0, 4003.2000000000003]
1 0 0.20913709700107574 47328 [3920, 4120] [3965.0, 4003.2000000000003]
1 0 0.0056585827842354774 47328 [3930, 4130] [3965.0, 4003.2000000000003]
1 0 0.0072916727513074875 47328 [3940, 4140] [3965.0, 4003.2000000000003]
1 0 0.010788519866764545 47328 [3950, 4150] [3965.0, 4003.2000000000003]
1 0 0.11429726332426071 47328 [3960, 4160] [3965.0, 4003.2000000000003]
1 0 0.0007014904986135662 50423 [2850, 3050] [3015.4, 3047.7]
1 0 0.0010803641052916646 50423 [2860, 3060] [3015.4, 3047.7]
1 0 0.0008960466948337853 50423 [2870, 3070] [3015.4, 3047.7]
1 0 0.0006086496287025511 50423 [2880, 3080] [3015.4, 3047.7]
1 0 0.0010493696900084615 50423 [2890, 3090] [3015.4, 3047.7]
1 0 0.0008466568542644382 50423 [2900, 3100] [3015.4, 3047.7]
1 0 0.0007425372605212033 50423 [2910, 3110] [3015.4, 3047.7]
1 0 0.001038857502862811 50423 [2920, 3120] [3015.4, 3047.7]
1 0 0.001139374915510416 50423 [2930, 3130] [3015.4, 3047.7]
1 0 0.0011456245556473732 50423 [2940, 3140] [3015.4, 3047.7]
1 0 0.0014306094963103533 50423 [2950, 3150] [3015.4, 3047.7]
1 0 0.0019758923444896936 50423 [2960, 3160] [3015.4, 3047.7]
1 0 0.0017018010839819908 50423 [2970, 3170] [3015.4, 3047.7]
1 0 0.0024359619710594416 50423 [2980, 3180] [3015.4, 3047.7]
1 0 0.005805476102977991 50423 [2990, 3190] [3015.4, 3047.7]
1 0 0.0135172875598073 50423 [3000, 3200] [3015.4, 3047.7]
1 0 0.05956932157278061 50423 [3010, 3210] [3015.4, 3047.7]
1 0 0.09154682606458664 35503 [4180, 4380] [4342.70270153931, 4370.6155945452665]
1 0 0.2973942756652832 35503 [4190, 4390] [4342.70270153931, 4370.6155945452665]
1 0 0.3262663781642914 35503 [4200, 4400] [4342.70270153931, 4370.6155945452665]
1 0 0.10802819579839706 35503 [4210, 4410] [4342.70270153931, 4370.6155945452665]
1 0 0.30101725459098816 35503 [4220, 4420] [4342.70270153931, 4370.6155945452665]
1 0 0.26879453659057617 35503 [4230, 4430] [4342.70270153931, 4370.6155945452665]
1 0 0.08618450164794922 35503 [4240, 4440] [4342.70270153931, 4370.6155945452665]
1 0 0.24219810962677002 35503 [4250, 4450] [4342.70270153931, 4370.6155945452665]
1 0 0.31020501255989075 35503 [4260, 4460] [4342.70270153931, 4370.6155945452665]
1 0 0.07360951602458954 35503 [4270, 4470] [4342.70270153931, 4370.6155945452665]
1 0 0.37974971532821655 35503 [4280, 4480] [4342.70270153931, 4370.6155945452665]
1 0 0.2659396827220917 35503 [4300, 4500] [4342.70270153931, 4370.6155945452665]
1 0 0.25374916195869446 35503 [4330, 4530] [4342.70270153931, 4370.6155945452665]
1 0 0.45595496892929077 50606 [2740, 2940] [2910.2, 2938.9]
1 0 0.2526422142982483 50606 [2800, 3000] [2910.2, 2938.9]
1 0 0.20053616166114807 50606 [2830, 3030] [2910.2, 2938.9]
1 0 0.47539034485816956 50606 [2850, 3050] [2910.2, 2938.9]
1 0 0.22028371691703796 50606 [2860, 3060] [2910.2, 2938.9]
1 0 0.28928789496421814 50606 [2890, 3090] [2910.2, 2938.9]
1 0 0.46559634804725647 50606 [2910, 3110] [2910.2, 2938.9]
1 0 0.23055006563663483 49613 [680, 880] [856.1999999999999, 869.2]
1 0 0.025615116581320763 49613 [690, 890] [856.1999999999999, 869.2]
1 0 0.28913357853889465 49613 [700, 900] [856.1999999999999, 869.2]
1 0 0.09662878513336182 49613 [710, 910] [856.1999999999999, 869.2]
1 0 0.018330127000808716 49613 [720, 920] [856.1999999999999, 869.2]
1 0 0.24253347516059875 49613 [730, 930] [856.1999999999999, 869.2]
1 0 0.08415810763835907 49613 [740, 940] [856.1999999999999, 869.2]
1 0 0.006038051098585129 49613 [750, 950] [856.1999999999999, 869.2]
1 0 0.15183541178703308 49613 [760, 960] [856.1999999999999, 869.2]
1 0 0.017914919182658195 49613 [770, 970] [856.1999999999999, 869.2]
1 0 0.006533010862767696 49613 [780, 980] [856.1999999999999, 869.2]
1 0 0.1976323276758194 49613 [790, 990] [856.1999999999999, 869.2]
1 0 0.042249646037817 49613 [800, 1000] [856.1999999999999, 869.2]
1 0 0.01179908961057663 49613 [810, 1010] [856.1999999999999, 869.2]
1 0 0.38183048367500305 49613 [820, 1020] [856.1999999999999, 869.2]
1 0 0.08740761876106262 49613 [830, 1030] [856.1999999999999, 869.2]
1 0 0.06640893220901489 49613 [840, 1040] [856.1999999999999, 869.2]
1 0 0.07990095764398575 49613 [850, 1050] [856.1999999999999, 869.2]
1 0 0.00423767976462841 49613 [860, 1060] [1022.4, 1044.1000000000001]
1 0 0.009652212262153625 49613 [870, 1070] [1022.4, 1044.1000000000001]
1 0 0.011552877724170685 49613 [880, 1080] [1022.4, 1044.1000000000001]
1 0 0.005531808827072382 49613 [890, 1090] [1022.4, 1044.1000000000001]
1 0 0.012915304861962795 49613 [900, 1100] [1022.4, 1044.1000000000001]
1 0 0.01843690685927868 49613 [910, 1110] [1022.4, 1044.1000000000001]
1 0 0.0032422998920083046 49613 [920, 1120] [1022.4, 1044.1000000000001]
1 0 0.012280508875846863 49613 [930, 1130] [1022.4, 1044.1000000000001]
1 0 0.026456287130713463 49613 [940, 1140] [1022.4, 1044.1000000000001]
1 0 0.009951474145054817 49613 [950, 1150] [1022.4, 1044.1000000000001]
1 0 0.013375821523368359 49613 [960, 1160] [1022.4, 1044.1000000000001]
1 0 0.009480288252234459 49613 [970, 1170] [1022.4, 1044.1000000000001]
1 0 0.0020297167357057333 49613 [980, 1180] [1022.4, 1044.1000000000001]
1 0 0.0046189152635633945 49613 [990, 1190] [1022.4, 1044.1000000000001]
1 0 0.006204628851264715 49613 [1000, 1200] [1022.4, 1044.1000000000001]
1 0 0.000605050940066576 49613 [1010, 1210] [1022.4, 1044.1000000000001]
1 0 0.00019413261907175183 49613 [1020, 1220] [1022.4, 1044.1000000000001]
1 0 7.367756916210055e-05 49613 [1600, 1800] [1769.8, 1795.8999999999999]
1 0 6.008476339047775e-05 49613 [1610, 1810] [1769.8, 1795.8999999999999]
1 0 2.6080599127453752e-05 49613 [1620, 1820] [1769.8, 1795.8999999999999]
1 0 5.1329210691619664e-05 49613 [1630, 1830] [1769.8, 1795.8999999999999]
1 0 5.10089193994645e-05 49613 [1640, 1840] [1769.8, 1795.8999999999999]
1 0 3.5150031180819497e-05 49613 [1650, 1850] [1769.8, 1795.8999999999999]
1 0 6.59433935652487e-05 49613 [1660, 1860] [1769.8, 1795.8999999999999]
1 0 7.907747203717008e-05 49613 [1670, 1870] [1769.8, 1795.8999999999999]
1 0 5.1155933761037886e-05 49613 [1680, 1880] [1769.8, 1795.8999999999999]
1 0 9.97819661279209e-05 49613 [1690, 1890] [1769.8, 1795.8999999999999]
1 0 0.0002089406334562227 49613 [1700, 1900] [1769.8, 1795.8999999999999]
1 0 0.0002003281842917204 49613 [1710, 1910] [1769.8, 1795.8999999999999]
1 0 0.00024101047893054783 49613 [1720, 1920] [1769.8, 1795.8999999999999]
1 0 0.0004467535763978958 49613 [1730, 1930] [1769.8, 1795.8999999999999]
1 0 0.00019759662973228842 49613 [1740, 1940] [1769.8, 1795.8999999999999]
1 0 0.00019107571279164404 49613 [1750, 1950] [1769.8, 1795.8999999999999]
1 0 0.0002295355952810496 49613 [1760, 1960] [1769.8, 1795.8999999999999]
1 0 0.00047587082372047007 50215 [1880, 2080] [2062.0, 2079.4]
1 0 0.0008994005038402975 50215 [1890, 2090] [2062.0, 2079.4]
1 0 0.007802008185535669 50215 [1900, 2100] [2062.0, 2079.4]
1 0 0.005472081713378429 50215 [1910, 2110] [2062.0, 2079.4]
1 0 0.0020125044975429773 50215 [1920, 2120] [2062.0, 2079.4]
1 0 0.013503140769898891 50215 [1930, 2130] [2062.0, 2079.4]
1 0 0.01971825212240219 50215 [1940, 2140] [2062.0, 2079.4]
1 0 0.003274429589509964 50215 [1950, 2150] [2062.0, 2079.4]
1 0 0.0034250568132847548 50215 [1960, 2160] [2062.0, 2079.4]
1 0 0.029532141983509064 50215 [1970, 2170] [2062.0, 2079.4]
1 0 0.020987436175346375 50215 [1980, 2180] [2062.0, 2079.4]
1 0 0.015465005300939083 50215 [1990, 2190] [2062.0, 2079.4]
1 0 0.06754236668348312 50215 [2000, 2200] [2062.0, 2079.4]
1 0 0.13473168015480042 50215 [2010, 2210] [2062.0, 2079.4]
1 0 0.02651420794427395 50215 [2020, 2220] [2062.0, 2079.4]
1 0 0.03507338464260101 50215 [2030, 2230] [2062.0, 2079.4]
1 0 0.003941599279642105 50215 [2040, 2240] [2062.0, 2079.4]
1 0 0.0003467606729827821 50215 [2050, 2250] [2062.0, 2079.4]
1 0 0.0006673322641290724 50215 [2060, 2260] [2062.0, 2079.4]
1 0 0.48964813351631165 48310 [1330, 1530] [1410.1000000000001, 1436.8]
1 0 0.25695711374282837 48310 [1360, 1560] [1410.1000000000001, 1436.8]
1 0 0.17130541801452637 48310 [1370, 1570] [1410.1000000000001, 1436.8]
1 0 0.32608702778816223 48310 [1380, 1580] [1410.1000000000001, 1436.8]
1 0 0.02806849218904972 48310 [1390, 1590] [1410.1000000000001, 1436.8]
1 0 0.020913222804665565 48310 [1400, 1600] [1410.1000000000001, 1436.8]
1 0 0.0009775361977517605 48310 [1410, 1610] [1410.1000000000001, 1436.8]
1 0 0.0001624695723876357 48310 [1470, 1670] [1638.0, 1665.3]
1 0 0.0008598586427979171 48310 [1480, 1680] [1638.0, 1665.3]
1 0 8.450015593552962e-05 48310 [1490, 1690] [1638.0, 1665.3]
1 0 0.00010627603478496894 48310 [1500, 1700] [1638.0, 1665.3]
1 0 0.0008063436252996325 48310 [1510, 1710] [1638.0, 1665.3]
1 0 0.00016495247837156057 48310 [1520, 1720] [1638.0, 1665.3]
1 0 0.00019219229579903185 48310 [1530, 1730] [1638.0, 1665.3]
1 0 0.0016970119904726744 48310 [1540, 1740] [1638.0, 1665.3]
1 0 0.0005957643734291196 48310 [1550, 1750] [1638.0, 1665.3]
1 0 3.57481803803239e-05 48310 [1560, 1760] [1638.0, 1665.3]
1 0 0.0006893982645124197 48310 [1570, 1770] [1638.0, 1665.3]
1 0 0.0016556020127609372 48310 [1580, 1780] [1638.0, 1665.3]
1 0 2.7927271730732173e-05 48310 [1590, 1790] [1638.0, 1665.3]
1 0 0.0002425887796562165 48310 [1600, 1800] [1638.0, 1665.3]
1 0 0.0002332441508769989 48310 [1610, 1810] [1638.0, 1665.3]
1 0 3.601164644351229e-05 48310 [1620, 1820] [1638.0, 1665.3]
1 0 0.00025395292323082685 48310 [1630, 1830] [1638.0, 1665.3]
1 0 0.0006155339651741087 48310 [2610, 2810] [2777.7000000000003, 2805.7000000000003]
1 0 0.0013591339811682701 48310 [2620, 2820] [2777.7000000000003, 2805.7000000000003]
1 0 0.00015550268290098757 48310 [2630, 2830] [2777.7000000000003, 2805.7000000000003]
1 0 4.811961480299942e-05 48310 [2640, 2840] [2777.7000000000003, 2805.7000000000003]
1 0 0.0005903307464905083 48310 [2650, 2850] [2777.7000000000003, 2805.7000000000003]
1 0 0.00011859974620165303 48310 [2660, 2860] [2777.7000000000003, 2805.7000000000003]
1 0 4.4352575059747323e-05 48310 [2670, 2870] [2777.7000000000003, 2805.7000000000003]
1 0 0.0005578396376222372 48310 [2680, 2880] [2777.7000000000003, 2805.7000000000003]
1 0 0.00011085678124800324 48310 [2690, 2890] [2777.7000000000003, 2805.7000000000003]
1 0 4.6996465243864805e-05 48310 [2700, 2900] [2777.7000000000003, 2805.7000000000003]
1 0 0.0006299765082076192 48310 [2710, 2910] [2777.7000000000003, 2805.7000000000003]
1 0 0.0005870140739716589 48310 [2720, 2920] [2777.7000000000003, 2805.7000000000003]
1 0 9.759220120031387e-05 48310 [2730, 2930] [2777.7000000000003, 2805.7000000000003]
1 0 0.0012660946231335402 48310 [2740, 2940] [2777.7000000000003, 2805.7000000000003]
1 0 0.0017907385481521487 48310 [2750, 2950] [2777.7000000000003, 2805.7000000000003]
1 0 0.00015097367577254772 48310 [2760, 2960] [2777.7000000000003, 2805.7000000000003]
1 0 0.0007547536515630782 48310 [2770, 2970] [2777.7000000000003, 2805.7000000000003]
1 0 0.4260541796684265 48310 [4360, 4560] [4520.7, 4554.2]
1 0 0.3027743697166443 48310 [4390, 4590] [4520.7, 4554.2]
1 0 0.493282288312912 48310 [4400, 4600] [4520.7, 4554.2]
1 0 0.4014463424682617 48310 [4420, 4620] [4520.7, 4554.2]
1 0 0.4938276410102844 48310 [4450, 4650] [4520.7, 4554.2]
1 0 0.4892489016056061 48310 [4510, 4710] [4520.7, 4554.2]
1 0 0.26290836930274963 48310 [4520, 4720] [4520.7, 4554.2]
1 0 0.3712519109249115 50208 [500, 700] [509.40000000000003, 553.6]
1 0 0.010395292192697525 10107 [2950, 3150] [3005.43643892696, 3050.0970677364917]
1 0 0.0027264005038887262 10107 [2960, 3160] [3005.43643892696, 3050.0970677364917]
1 0 0.03945175185799599 10107 [2970, 3170] [3005.43643892696, 3050.0970677364917]
1 0 0.00865251012146473 10107 [2980, 3180] [3005.43643892696, 3050.0970677364917]
1 0 0.0028080574702471495 10107 [2990, 3190] [3005.43643892696, 3050.0970677364917]
1 0 0.04068634286522865 10107 [3000, 3200] [3005.43643892696, 3050.0970677364917]
1 0 0.005894099827855825 10107 [3010, 3210] [3066.224517028823, 3088.554831433589]
1 0 0.002084547420963645 10107 [3020, 3220] [3066.224517028823, 3088.554831433589]
1 0 0.05706808716058731 10107 [3030, 3230] [3066.224517028823, 3088.554831433589]
1 0 0.021270407363772392 10107 [3040, 3240] [3066.224517028823, 3088.554831433589]
1 0 0.008015586994588375 10107 [3050, 3250] [3066.224517028823, 3088.554831433589]
1 0 0.22643618285655975 10107 [3060, 3260] [3066.224517028823, 3088.554831433589]
1 0 0.01077919639647007 47405 [310, 510] [467.40000000000003, 508.90000000000003]
1 0 0.029127925634384155 47405 [320, 520] [467.40000000000003, 508.90000000000003]
1 0 0.05202623829245567 47405 [330, 530] [467.40000000000003, 508.90000000000003]
1 0 0.043533023446798325 47405 [340, 540] [467.40000000000003, 508.90000000000003]
1 0 0.06540188938379288 47405 [350, 550] [467.40000000000003, 508.90000000000003]
1 0 0.06706267595291138 47405 [360, 560] [467.40000000000003, 508.90000000000003]
1 0 0.007052543107420206 47405 [370, 570] [467.40000000000003, 508.90000000000003]
1 0 0.015069548040628433 47405 [380, 580] [467.40000000000003, 508.90000000000003]
1 0 0.022472813725471497 47405 [390, 590] [467.40000000000003, 508.90000000000003]
1 0 0.036240801215171814 47405 [400, 600] [467.40000000000003, 508.90000000000003]
1 0 0.05115913227200508 47405 [410, 610] [467.40000000000003, 508.90000000000003]
1 0 0.07760453224182129 47405 [420, 620] [467.40000000000003, 508.90000000000003]
1 0 0.026604292914271355 47405 [430, 630] [467.40000000000003, 508.90000000000003]
1 0 0.024999722838401794 47405 [440, 640] [467.40000000000003, 508.90000000000003]
1 0 0.0030808555893599987 47405 [450, 650] [467.40000000000003, 508.90000000000003]
1 0 0.001634386251680553 47405 [460, 660] [467.40000000000003, 508.90000000000003]
