true_label pred_label pred_prob file time_range filler
1 0 0.43419113755226135 50309 [4050, 4250] [4202.1, 4231.900000000001]
1 0 0.21743538975715637 50309 [4070, 4270] [4202.1, 4231.900000000001]
1 0 0.24775585532188416 50309 [4080, 4280] [4202.1, 4231.900000000001]
1 0 0.1944902539253235 50309 [4090, 4290] [4202.1, 4231.900000000001]
1 0 0.24335028231143951 50309 [4100, 4300] [4202.1, 4231.900000000001]
1 0 0.26556041836738586 50309 [4110, 4310] [4202.1, 4231.900000000001]
1 0 0.19789321720600128 50309 [4120, 4320] [4202.1, 4231.900000000001]
1 0 0.24751907587051392 50309 [4130, 4330] [4202.1, 4231.900000000001]
1 0 0.27504605054855347 50309 [4140, 4340] [4202.1, 4231.900000000001]
1 0 0.22137761116027832 50309 [4150, 4350] [4202.1, 4231.900000000001]
1 0 0.24911507964134216 50309 [4160, 4360] [4202.1, 4231.900000000001]
1 0 0.2867024838924408 50309 [4170, 4370] [4202.1, 4231.900000000001]
1 0 0.21742737293243408 50309 [4180, 4380] [4202.1, 4231.900000000001]
1 0 0.25618427991867065 50309 [4190, 4390] [4202.1, 4231.900000000001]
1 0 0.27476638555526733 50309 [4200, 4400] [4202.1, 4231.900000000001]
1 0 0.39461347460746765 42319 [1840, 2040] [1989.844476393815, 2022.099374978477]
1 0 0.4818732440471649 42319 [1860, 2060] [1989.844476393815, 2022.099374978477]
1 0 0.3875495195388794 42319 [1870, 2070] [1989.844476393815, 2022.099374978477]
1 0 0.40607163310050964 42319 [1890, 2090] [1989.844476393815, 2022.099374978477]
1 0 0.37264886498451233 42319 [1900, 2100] [1989.844476393815, 2022.099374978477]
1 0 0.41394996643066406 42319 [1920, 2120] [1989.844476393815, 2022.099374978477]
1 0 0.4031350612640381 42319 [1930, 2130] [1989.844476393815, 2022.099374978477]
1 0 0.4097239077091217 42319 [1950, 2150] [1989.844476393815, 2022.099374978477]
1 0 0.39892473816871643 42319 [1960, 2160] [1989.844476393815, 2022.099374978477]
1 0 0.40533146262168884 42319 [1980, 2180] [1989.844476393815, 2022.099374978477]
1 0 0.19448743760585785 42319 [4860, 5060] [5028.302240090912, 5055.594846585626]
1 0 0.1834147572517395 42319 [4870, 5070] [5028.302240090912, 5055.594846585626]
1 0 0.18127378821372986 42319 [4880, 5080] [5028.302240090912, 5055.594846585626]
1 0 0.21922454237937927 42319 [4890, 5090] [5028.302240090912, 5055.594846585626]
1 0 0.20418769121170044 42319 [4900, 5100] [5028.302240090912, 5055.594846585626]
1 0 0.21231472492218018 42319 [4910, 5110] [5028.302240090912, 5055.594846585626]
1 0 0.25706928968429565 42319 [4920, 5120] [5028.302240090912, 5055.594846585626]
1 0 0.20817388594150543 42319 [4930, 5130] [5028.302240090912, 5055.594846585626]
1 0 0.24767813086509705 42319 [4940, 5140] [5028.302240090912, 5055.594846585626]
1 0 0.25069981813430786 42319 [4950, 5150] [5028.302240090912, 5055.594846585626]
1 0 0.20029285550117493 42319 [4960, 5160] [5028.302240090912, 5055.594846585626]
1 0 0.2656838297843933 42319 [4970, 5170] [5028.302240090912, 5055.594846585626]
1 0 0.259132981300354 42319 [4980, 5180] [5028.302240090912, 5055.594846585626]
1 0 0.2308783084154129 42319 [4990, 5190] [5028.302240090912, 5055.594846585626]
1 0 0.2378566563129425 42319 [5000, 5200] [5028.302240090912, 5055.594846585626]
1 0 0.2262158840894699 42319 [5010, 5210] [5028.302240090912, 5055.594846585626]
1 0 0.1659041792154312 42319 [5020, 5220] [5028.302240090912, 5055.594846585626]
1 0 0.48765742778778076 49501 [2840, 3040] [2852.6, 2894.1]
1 0 0.07392161339521408 01210 [2550, 2750] [2714.8, 2740.2000000000003]
1 0 0.06613937020301819 01210 [2560, 2760] [2714.8, 2740.2000000000003]
1 0 0.10387854278087616 01210 [2570, 2770] [2714.8, 2740.2000000000003]
1 0 0.12167134881019592 01210 [2580, 2780] [2714.8, 2740.2000000000003]
1 0 0.1555921733379364 01210 [2590, 2790] [2714.8, 2740.2000000000003]
1 0 0.18733005225658417 01210 [2600, 2800] [2714.8, 2740.2000000000003]
1 0 0.23411191999912262 01210 [2610, 2810] [2714.8, 2740.2000000000003]
1 0 0.20464038848876953 01210 [2620, 2820] [2714.8, 2740.2000000000003]
1 0 0.21092934906482697 01210 [2630, 2830] [2714.8, 2740.2000000000003]
1 0 0.26861757040023804 01210 [2640, 2840] [2714.8, 2740.2000000000003]
1 0 0.3110073208808899 01210 [2650, 2850] [2714.8, 2740.2000000000003]
1 0 0.3570830523967743 01210 [2660, 2860] [2714.8, 2740.2000000000003]
1 0 0.4097995162010193 01210 [2670, 2870] [2714.8, 2740.2000000000003]
1 0 0.3764705955982208 01210 [2680, 2880] [2714.8, 2740.2000000000003]
1 0 0.3603091537952423 01210 [2690, 2890] [2714.8, 2740.2000000000003]
1 0 0.28881901502609253 01210 [2700, 2900] [2714.8, 2740.2000000000003]
1 0 0.4188650846481323 01210 [2710, 2910] [2714.8, 2740.2000000000003]
1 0 0.4599263668060303 48403 [1900, 2100] [1900.8, 1941.8]
1 0 0.0829961821436882 29424 [0, 200] [73.23061228003725, 105.48551086469926]
1 0 0.1125359758734703 29424 [10, 210] [73.23061228003725, 105.48551086469926]
1 0 0.21869239211082458 29424 [20, 220] [73.23061228003725, 105.48551086469926]
1 0 0.12763090431690216 29424 [30, 230] [73.23061228003725, 105.48551086469926]
1 0 0.07789630442857742 29424 [40, 240] [73.23061228003725, 105.48551086469926]
1 0 0.20592765510082245 29424 [50, 250] [73.23061228003725, 105.48551086469926]
1 0 0.12689456343650818 29424 [60, 260] [73.23061228003725, 105.48551086469926]
1 0 0.053618256002664566 29424 [70, 270] [73.23061228003725, 105.48551086469926]
1 0 0.019863201305270195 50627 [2770, 2970] [2947.8, 2962.5]
1 0 0.026736123487353325 50627 [2780, 2980] [2947.8, 2962.5]
1 0 0.030274856835603714 50627 [2790, 2990] [2947.8, 2962.5]
1 0 0.02962677739560604 50627 [2800, 3000] [2947.8, 2962.5]
1 0 0.03617776930332184 50627 [2810, 3010] [2947.8, 2962.5]
1 0 0.041388045996427536 50627 [2820, 3020] [2947.8, 2962.5]
1 0 0.038672592490911484 50627 [2830, 3030] [2947.8, 2962.5]
1 0 0.05186473950743675 50627 [2840, 3040] [2947.8, 2962.5]
1 0 0.04464699327945709 50627 [2850, 3050] [2947.8, 2962.5]
1 0 0.03475603088736534 50627 [2860, 3060] [2947.8, 2962.5]
1 0 0.06367146968841553 50627 [2870, 3070] [2947.8, 2962.5]
1 0 0.04126889631152153 50627 [2880, 3080] [2947.8, 2962.5]
1 0 0.037898700684309006 50627 [2890, 3090] [2947.8, 2962.5]
1 0 0.045315761119127274 50627 [2900, 3100] [2947.8, 2962.5]
1 0 0.040699299424886703 50627 [2910, 3110] [2947.8, 2962.5]
1 0 0.06458702683448792 50627 [2920, 3120] [2947.8, 2962.5]
1 0 0.053946614265441895 50627 [2930, 3130] [2947.8, 2962.5]
1 0 0.04534708708524704 50627 [2940, 3140] [2947.8, 2962.5]
1 0 0.06823524832725525 50627 [2950, 3150] [3063.5, 3101.4]
1 0 0.05640337988734245 50627 [2960, 3160] [3063.5, 3101.4]
1 0 0.05084884539246559 50627 [2970, 3170] [3063.5, 3101.4]
1 0 0.07612282037734985 50627 [2980, 3180] [3063.5, 3101.4]
1 0 0.05893007293343544 50627 [2990, 3190] [3063.5, 3101.4]
1 0 0.06885753571987152 50627 [3000, 3200] [3063.5, 3101.4]
1 0 0.09515831619501114 50627 [3010, 3210] [3063.5, 3101.4]
1 0 0.35336846113204956 50627 [3020, 3220] [3063.5, 3101.4]
1 0 0.2553505599498749 48402 [2270, 2470] [2381.6, 2399.6000000000004]
1 0 0.18827411532402039 48402 [2280, 2480] [2381.6, 2399.6000000000004]
1 0 0.22106681764125824 48402 [2290, 2490] [2381.6, 2399.6000000000004]
1 0 0.25540828704833984 48402 [2300, 2500] [2381.6, 2399.6000000000004]
1 0 0.18838436901569366 48402 [2310, 2510] [2381.6, 2399.6000000000004]
1 0 0.22785833477973938 48402 [2320, 2520] [2381.6, 2399.6000000000004]
1 0 0.25598573684692383 48402 [2330, 2530] [2381.6, 2399.6000000000004]
1 0 0.19209662079811096 48402 [2340, 2540] [2381.6, 2399.6000000000004]
1 0 0.19407007098197937 48402 [2350, 2550] [2381.6, 2399.6000000000004]
1 0 0.2889484167098999 48402 [2360, 2560] [2381.6, 2399.6000000000004]
1 0 0.1882551610469818 48402 [2370, 2570] [2381.6, 2399.6000000000004]
1 0 0.39315930008888245 48402 [2380, 2580] [2381.6, 2399.6000000000004]
1 0 0.058130811899900436 47510 [2470, 2670] [2635.4, 2662.8]
1 0 0.06355912238359451 47510 [2480, 2680] [2635.4, 2662.8]
1 0 0.03281594067811966 47510 [2490, 2690] [2635.4, 2662.8]
1 0 0.07054569572210312 47510 [2500, 2700] [2635.4, 2662.8]
1 0 0.06322680413722992 47510 [2510, 2710] [2635.4, 2662.8]
1 0 0.03121361695230007 47510 [2520, 2720] [2635.4, 2662.8]
1 0 0.024448426440358162 47510 [2530, 2730] [2635.4, 2662.8]
1 0 0.032057344913482666 47510 [2540, 2740] [2635.4, 2662.8]
1 0 0.025940652936697006 47510 [2550, 2750] [2635.4, 2662.8]
1 0 0.022622883319854736 47510 [2560, 2760] [2635.4, 2662.8]
1 0 0.02501446008682251 47510 [2570, 2770] [2635.4, 2662.8]
1 0 0.022334380075335503 47510 [2580, 2780] [2635.4, 2662.8]
1 0 0.021723071113228798 47510 [2590, 2790] [2635.4, 2662.8]
1 0 0.023733245208859444 47510 [2600, 2800] [2635.4, 2662.8]
1 0 0.023590877652168274 47510 [2610, 2810] [2635.4, 2662.8]
1 0 0.021121494472026825 47510 [2620, 2820] [2635.4, 2662.8]
1 0 0.02801666595041752 47510 [2630, 2830] [2635.4, 2662.8]
1 0 0.11849001049995422 21613 [1440, 1640] [1572.8289972106484, 1605.0838957953104]
1 0 0.1125829890370369 21613 [1450, 1650] [1572.8289972106484, 1605.0838957953104]
1 0 0.11307922005653381 21613 [1460, 1660] [1572.8289972106484, 1605.0838957953104]
1 0 0.12068155407905579 21613 [1470, 1670] [1572.8289972106484, 1605.0838957953104]
1 0 0.1256944090127945 21613 [1480, 1680] [1572.8289972106484, 1605.0838957953104]
1 0 0.11913914978504181 21613 [1490, 1690] [1572.8289972106484, 1605.0838957953104]
1 0 0.12267037481069565 21613 [1500, 1700] [1572.8289972106484, 1605.0838957953104]
1 0 0.12021556496620178 21613 [1510, 1710] [1572.8289972106484, 1605.0838957953104]
1 0 0.11382085084915161 21613 [1520, 1720] [1572.8289972106484, 1605.0838957953104]
1 0 0.12352155894041061 21613 [1530, 1730] [1572.8289972106484, 1605.0838957953104]
1 0 0.12176823616027832 21613 [1540, 1740] [1572.8289972106484, 1605.0838957953104]
1 0 0.1182539314031601 21613 [1550, 1750] [1572.8289972106484, 1605.0838957953104]
1 0 0.12856431305408478 21613 [1560, 1760] [1572.8289972106484, 1605.0838957953104]
1 0 0.12839217483997345 21613 [1570, 1770] [1572.8289972106484, 1605.0838957953104]
1 0 0.09086015820503235 21613 [2820, 3020] [2994.271281724578, 3019.082742174318]
1 0 0.1583409160375595 21613 [2830, 3030] [2994.271281724578, 3019.082742174318]
1 0 0.11197168380022049 21613 [2840, 3040] [2994.271281724578, 3019.082742174318]
1 0 0.08948013931512833 21613 [2850, 3050] [2994.271281724578, 3019.082742174318]
1 0 0.16769669950008392 21613 [2860, 3060] [2994.271281724578, 3019.082742174318]
1 0 0.11363949626684189 21613 [2870, 3070] [2994.271281724578, 3019.082742174318]
1 0 0.08723469823598862 21613 [2880, 3080] [2994.271281724578, 3019.082742174318]
1 0 0.1649579256772995 21613 [2890, 3090] [2994.271281724578, 3019.082742174318]
1 0 0.10883446037769318 21613 [2900, 3100] [2994.271281724578, 3019.082742174318]
1 0 0.0992957204580307 21613 [2910, 3110] [2994.271281724578, 3019.082742174318]
1 0 0.1671970933675766 21613 [2920, 3120] [2994.271281724578, 3019.082742174318]
1 0 0.11480240523815155 21613 [2930, 3130] [2994.271281724578, 3019.082742174318]
1 0 0.10085276514291763 21613 [2940, 3140] [2994.271281724578, 3019.082742174318]
1 0 0.18649786710739136 21613 [2950, 3150] [2994.271281724578, 3019.082742174318]
1 0 0.10905472934246063 21613 [2960, 3160] [2994.271281724578, 3019.082742174318]
1 0 0.09527796506881714 21613 [2970, 3170] [2994.271281724578, 3019.082742174318]
1 0 0.15986959636211395 21613 [2980, 3180] [2994.271281724578, 3019.082742174318]
1 0 0.09712442755699158 21613 [2990, 3190] [2994.271281724578, 3019.082742174318]
1 0 0.060346074402332306 21613 [5120, 5320] [5271.260435610129, 5316.541350930905]
1 0 0.05091980844736099 21613 [5130, 5330] [5271.260435610129, 5316.541350930905]
1 0 0.06034010276198387 21613 [5140, 5340] [5271.260435610129, 5316.541350930905]
1 0 0.06350181251764297 21613 [5150, 5350] [5271.260435610129, 5316.541350930905]
1 0 0.04971975460648537 21613 [5160, 5360] [5271.260435610129, 5316.541350930905]
1 0 0.06414130330085754 21613 [5170, 5370] [5271.260435610129, 5316.541350930905]
1 0 0.06727539747953415 21613 [5180, 5380] [5271.260435610129, 5316.541350930905]
1 0 0.05230996012687683 21613 [5190, 5390] [5271.260435610129, 5316.541350930905]
1 0 0.07107779383659363 21613 [5200, 5400] [5271.260435610129, 5316.541350930905]
1 0 0.07593277096748352 21613 [5210, 5410] [5271.260435610129, 5316.541350930905]
1 0 0.05959632992744446 21613 [5220, 5420] [5271.260435610129, 5316.541350930905]
1 0 0.06512916833162308 21613 [5230, 5430] [5271.260435610129, 5316.541350930905]
1 0 0.07491839677095413 21613 [5240, 5440] [5271.260435610129, 5316.541350930905]
1 0 0.057924628257751465 21613 [5250, 5450] [5271.260435610129, 5316.541350930905]
1 0 0.06811951100826263 21613 [5260, 5460] [5271.260435610129, 5316.541350930905]
1 0 0.07671719044446945 21613 [5270, 5470] [5271.260435610129, 5316.541350930905]
1 0 0.4984571635723114 50117 [810, 1010] [836.9, 868.1000000000001]
1 0 0.2217281013727188 50117 [820, 1020] [836.9, 868.1000000000001]
1 0 0.09912481158971786 50117 [2320, 2520] [2364.5, 2397.8]
1 0 0.08494943380355835 50117 [2330, 2530] [2364.5, 2397.8]
1 0 0.09432128816843033 50117 [2340, 2540] [2364.5, 2397.8]
1 0 0.10441315919160843 50117 [2350, 2550] [2364.5, 2397.8]
1 0 0.12074966728687286 50117 [2360, 2560] [2364.5, 2397.8]
1 0 0.2657252252101898 50117 [2750, 2950] [2918.2000000000003, 2947.7]
1 0 0.15478459000587463 50117 [2760, 2960] [2918.2000000000003, 2947.7]
1 0 0.1762811243534088 50117 [2770, 2970] [2918.2000000000003, 2947.7]
1 0 0.13870421051979065 50117 [2780, 2980] [2918.2000000000003, 2947.7]
1 0 0.07787325978279114 50117 [2790, 2990] [2918.2000000000003, 2947.7]
1 0 0.036422643810510635 50117 [2800, 3000] [2918.2000000000003, 2947.7]
1 0 0.07868696749210358 50117 [2810, 3010] [2918.2000000000003, 2947.7]
1 0 0.054780084639787674 50117 [2820, 3020] [2918.2000000000003, 2947.7]
1 0 0.041625261306762695 50117 [2830, 3030] [2918.2000000000003, 2947.7]
1 0 0.07970485091209412 50117 [2840, 3040] [2918.2000000000003, 2947.7]
1 0 0.048057544976472855 50117 [2850, 3050] [2918.2000000000003, 2947.7]
1 0 0.03486453369259834 50117 [2860, 3060] [2918.2000000000003, 2947.7]
1 0 0.06334157288074493 50117 [2870, 3070] [2918.2000000000003, 2947.7]
1 0 0.06476635485887527 50117 [2880, 3080] [2918.2000000000003, 2947.7]
1 0 0.04751860722899437 50117 [2890, 3090] [2918.2000000000003, 2947.7]
1 0 0.0823964923620224 50117 [2900, 3100] [2918.2000000000003, 2947.7]
1 0 0.08178123831748962 50117 [2910, 3110] [2918.2000000000003, 2947.7]
1 0 0.4946293830871582 50609 [580, 780] [582.8000000000001, 620.0]
1 0 0.06423372775316238 50609 [670, 870] [842.0999999999999, 863.1999999999999]
1 0 0.053835704922676086 50609 [680, 880] [842.0999999999999, 863.1999999999999]
1 0 0.3497467339038849 50609 [690, 890] [842.0999999999999, 863.1999999999999]
1 0 0.18767529726028442 50609 [2620, 2820] [2770.2000000000003, 2815.1]
1 0 0.15620554983615875 50609 [2630, 2830] [2770.2000000000003, 2815.1]
1 0 0.14804597198963165 50609 [2640, 2840] [2770.2000000000003, 2815.1]
1 0 0.16287951171398163 50609 [2650, 2850] [2770.2000000000003, 2815.1]
1 0 0.1396975964307785 50609 [2660, 2860] [2770.2000000000003, 2815.1]
1 0 0.13310202956199646 50609 [2670, 2870] [2770.2000000000003, 2815.1]
1 0 0.1544550061225891 50609 [2680, 2880] [2770.2000000000003, 2815.1]
1 0 0.1819925606250763 50609 [2690, 2890] [2770.2000000000003, 2815.1]
1 0 0.16958343982696533 50609 [2700, 2900] [2770.2000000000003, 2815.1]
1 0 0.18332061171531677 50609 [2710, 2910] [2770.2000000000003, 2815.1]
1 0 0.20484480261802673 50609 [2720, 2920] [2770.2000000000003, 2815.1]
1 0 0.19406135380268097 50609 [2730, 2930] [2770.2000000000003, 2815.1]
1 0 0.20510414242744446 50609 [2740, 2940] [2770.2000000000003, 2815.1]
1 0 0.21367450058460236 50609 [2750, 2950] [2770.2000000000003, 2815.1]
1 0 0.16512346267700195 50609 [2760, 2960] [2770.2000000000003, 2815.1]
1 0 0.16617368161678314 50609 [2770, 2970] [2770.2000000000003, 2815.1]
1 0 0.3575790226459503 50609 [3800, 4000] [3859.0000000000005, 3901.7000000000003]
1 0 0.2875421941280365 50609 [3810, 4010] [3859.0000000000005, 3901.7000000000003]
1 0 0.4515839219093323 50609 [3820, 4020] [3859.0000000000005, 3901.7000000000003]
1 0 0.32565632462501526 50609 [3830, 4030] [3859.0000000000005, 3901.7000000000003]
1 0 0.2740975320339203 50609 [3840, 4040] [3859.0000000000005, 3901.7000000000003]
1 0 0.3515026867389679 50609 [3850, 4050] [3859.0000000000005, 3901.7000000000003]
1 0 0.4337366223335266 28628 [2760, 2960] [2847.325870645405, 2870.596357488014]
1 0 0.417437881231308 28628 [2870, 3070] [3027.829376694832, 3061.1627767666773]
1 0 0.08565044403076172 28628 [2880, 3080] [3027.829376694832, 3061.1627767666773]
1 0 0.07334363460540771 28628 [2890, 3090] [3027.829376694832, 3061.1627767666773]
1 0 0.4290475845336914 28628 [2900, 3100] [3027.829376694832, 3061.1627767666773]
1 0 0.10293122380971909 28628 [2910, 3110] [3027.829376694832, 3061.1627767666773]
1 0 0.07364723086357117 28628 [2920, 3120] [3027.829376694832, 3061.1627767666773]
1 0 0.14462736248970032 28628 [2940, 3140] [3027.829376694832, 3061.1627767666773]
1 0 0.08309291303157806 28628 [2950, 3150] [3027.829376694832, 3061.1627767666773]
1 0 0.07356500625610352 28628 [2970, 3170] [3027.829376694832, 3061.1627767666773]
1 0 0.08707530051469803 28628 [2980, 3180] [3027.829376694832, 3061.1627767666773]
1 0 0.16108514368534088 28628 [2990, 3190] [3027.829376694832, 3061.1627767666773]
1 0 0.18772687017917633 28628 [3000, 3200] [3027.829376694832, 3061.1627767666773]
1 0 0.1467573344707489 28628 [3010, 3210] [3027.829376694832, 3061.1627767666773]
1 0 0.21762967109680176 28628 [3020, 3220] [3027.829376694832, 3061.1627767666773]
1 0 0.3472868800163269 28628 [3030, 3230] [3195.3108026302975, 3228.0152706253157]
1 0 0.457909494638443 28628 [3080, 3280] [3195.3108026302975, 3228.0152706253157]
1 0 0.48893046379089355 28628 [3100, 3300] [3195.3108026302975, 3228.0152706253157]
1 0 0.49636298418045044 28628 [3140, 3340] [3195.3108026302975, 3228.0152706253157]
1 0 0.11691057682037354 50608 [4650, 4850] [4807.200000000001, 4846.5]
1 0 0.13947521150112152 50608 [4660, 4860] [4798.900000000001, 4852.900000000001]
1 0 0.14839255809783936 50608 [4670, 4870] [4798.900000000001, 4852.900000000001]
1 0 0.12250059098005295 50608 [4680, 4880] [4798.900000000001, 4852.900000000001]
1 0 0.1454419493675232 50608 [4690, 4890] [4798.900000000001, 4852.900000000001]
1 0 0.16309310495853424 50608 [4700, 4900] [4798.900000000001, 4852.900000000001]
1 0 0.13701292872428894 50608 [4710, 4910] [4798.900000000001, 4852.900000000001]
1 0 0.1553601324558258 50608 [4720, 4920] [4798.900000000001, 4852.900000000001]
1 0 0.171799898147583 50608 [4730, 4930] [4798.900000000001, 4852.900000000001]
1 0 0.15469953417778015 50608 [4740, 4940] [4798.900000000001, 4852.900000000001]
1 0 0.17825835943222046 50608 [4750, 4950] [4798.900000000001, 4852.900000000001]
1 0 0.20294898748397827 50608 [4760, 4960] [4798.900000000001, 4852.900000000001]
1 0 0.16527260839939117 50608 [4770, 4970] [4798.900000000001, 4852.900000000001]
1 0 0.17713429033756256 50608 [4780, 4980] [4798.900000000001, 4852.900000000001]
1 0 0.19045749306678772 50608 [4790, 4990] [4798.900000000001, 4852.900000000001]
1 0 0.12918683886528015 50608 [4800, 5000] [4807.200000000001, 4846.5]
1 0 0.41048285365104675 50608 [4880, 5080] [5032.3, 5073.0]
1 0 0.2907346785068512 50608 [4890, 5090] [5032.3, 5073.0]
1 0 0.23631760478019714 50608 [4900, 5100] [5032.3, 5073.0]
1 0 0.42950761318206787 50608 [4910, 5110] [5032.3, 5073.0]
1 0 0.2937929332256317 50608 [4920, 5120] [5032.3, 5073.0]
1 0 0.25501909852027893 50608 [4930, 5130] [5032.3, 5073.0]
1 0 0.4474892020225525 50608 [4940, 5140] [5032.3, 5073.0]
1 0 0.2962678074836731 50608 [4950, 5150] [5032.3, 5073.0]
1 0 0.20612166821956635 50608 [4960, 5160] [5032.3, 5073.0]
1 0 0.4242332875728607 50608 [4970, 5170] [5032.3, 5073.0]
1 0 0.3195435702800751 50608 [4980, 5180] [5032.3, 5073.0]
1 0 0.2497420608997345 50608 [4990, 5190] [5032.3, 5073.0]
1 0 0.4467293620109558 50608 [5000, 5200] [5032.3, 5073.0]
1 0 0.3275560438632965 50608 [5010, 5210] [5032.3, 5073.0]
1 0 0.23797859251499176 50608 [5020, 5220] [5032.3, 5073.0]
1 0 0.4110981523990631 48618 [2420, 2620] [2537.3, 2580.1000000000004]
1 0 0.35074689984321594 48618 [2430, 2630] [2537.3, 2580.1000000000004]
1 0 0.16499996185302734 48618 [2440, 2640] [2537.3, 2580.1000000000004]
1 0 0.4083764851093292 48618 [2450, 2650] [2537.3, 2580.1000000000004]
1 0 0.35475409030914307 48618 [2460, 2660] [2537.3, 2580.1000000000004]
1 0 0.1744702160358429 48618 [2470, 2670] [2537.3, 2580.1000000000004]
1 0 0.42072156071662903 48618 [2480, 2680] [2537.3, 2580.1000000000004]
1 0 0.38528716564178467 48618 [2490, 2690] [2537.3, 2580.1000000000004]
1 0 0.22469747066497803 48618 [2500, 2700] [2537.3, 2580.1000000000004]
1 0 0.48052728176116943 48618 [2510, 2710] [2537.3, 2580.1000000000004]
1 0 0.42720386385917664 48618 [2520, 2720] [2537.3, 2580.1000000000004]
1 0 0.23632033169269562 48618 [2530, 2730] [2537.3, 2580.1000000000004]
1 0 0.48742151260375977 13401 [1060, 1260] [1162.3633303488418, 1200.821094045939]
1 0 0.4889105558395386 01214 [3270, 3470] [3437.2999999999997, 3467.7999999999997]
1 0 0.2680896520614624 01214 [3280, 3480] [3436.8, 3470.2]
1 0 0.4976506531238556 01214 [3290, 3490] [3436.8, 3470.2]
1 0 0.44818466901779175 01214 [3300, 3500] [3436.8, 3470.2]
1 0 0.28986334800720215 01214 [3310, 3510] [3436.8, 3470.2]
1 0 0.3272291421890259 01214 [3320, 3520] [3436.8, 3470.2]
1 0 0.1565122753381729 01214 [3330, 3530] [3436.8, 3470.2]
1 0 0.1080063208937645 01214 [3340, 3540] [3436.8, 3470.2]
1 0 0.10111869126558304 01214 [3350, 3550] [3436.8, 3470.2]
1 0 0.1019204631447792 01214 [3360, 3560] [3436.8, 3470.2]
1 0 0.11103145033121109 01214 [3370, 3570] [3436.8, 3470.2]
1 0 0.10019896179437637 01214 [3380, 3580] [3436.8, 3470.2]
1 0 0.11080306023359299 01214 [3390, 3590] [3436.8, 3470.2]
1 0 0.12361082434654236 01214 [3400, 3600] [3436.8, 3470.2]
1 0 0.24391748011112213 01214 [3410, 3610] [3436.8, 3470.2]
1 0 0.027823997661471367 48410 [680, 880] [832.3000000000001, 874.5000000000001]
1 0 0.05362401902675629 48410 [690, 890] [832.3000000000001, 874.5000000000001]
1 0 0.04169927537441254 48410 [700, 900] [832.3000000000001, 874.5000000000001]
1 0 0.03069889359176159 48410 [710, 910] [832.3000000000001, 874.5000000000001]
1 0 0.05807100236415863 48410 [720, 920] [832.3000000000001, 874.5000000000001]
1 0 0.04298136755824089 48410 [730, 930] [832.3000000000001, 874.5000000000001]
1 0 0.03342742100358009 48410 [740, 940] [832.3000000000001, 874.5000000000001]
1 0 0.056786030530929565 48410 [750, 950] [832.3000000000001, 874.5000000000001]
1 0 0.044105105102062225 48410 [760, 960] [832.3000000000001, 874.5000000000001]
1 0 0.034728217869997025 48410 [770, 970] [832.3000000000001, 874.5000000000001]
1 0 0.04984840750694275 48410 [780, 980] [832.3000000000001, 874.5000000000001]
1 0 0.037159912288188934 48410 [790, 990] [832.3000000000001, 874.5000000000001]
1 0 0.02987096458673477 48410 [800, 1000] [832.3000000000001, 874.5000000000001]
1 0 0.02991691417992115 48410 [810, 1010] [832.3000000000001, 874.5000000000001]
1 0 0.0241913553327322 48410 [820, 1020] [832.3000000000001, 874.5000000000001]
1 0 0.022868433967232704 48410 [830, 1030] [832.3000000000001, 874.5000000000001]
1 0 0.23627129197120667 48410 [3580, 3780] [3736.9, 3774.2]
1 0 0.2566486597061157 48410 [3590, 3790] [3736.9, 3774.2]
1 0 0.3838671147823334 48410 [3600, 3800] [3736.9, 3774.2]
1 0 0.34610456228256226 48410 [3610, 3810] [3736.9, 3774.2]
1 0 0.3435697555541992 48410 [3620, 3820] [3736.9, 3774.2]
1 0 0.41014811396598816 48410 [3630, 3830] [3736.9, 3774.2]
1 0 0.33370766043663025 48410 [3640, 3840] [3736.9, 3774.2]
1 0 0.3041389584541321 48410 [3650, 3850] [3736.9, 3774.2]
1 0 0.23501251637935638 48410 [3660, 3860] [3736.9, 3774.2]
1 0 0.1872239112854004 48410 [3670, 3870] [3736.9, 3774.2]
1 0 0.15183861553668976 48410 [3680, 3880] [3736.9, 3774.2]
1 0 0.14503668248653412 48410 [3690, 3890] [3736.9, 3774.2]
1 0 0.11122521758079529 48410 [3700, 3900] [3736.9, 3774.2]
1 0 0.0975458174943924 48410 [3710, 3910] [3736.9, 3774.2]
1 0 0.09771275520324707 48410 [3720, 3920] [3736.9, 3774.2]
1 0 0.05027923732995987 48410 [3730, 3930] [3736.9, 3774.2]
1 0 0.3651038408279419 49507 [1570, 1770] [1720.8999999999999, 1742.6000000000001]
1 0 0.42873522639274597 49507 [1650, 1850] [1720.8999999999999, 1742.6000000000001]
1 0 0.4416950047016144 49507 [1660, 1860] [1720.8999999999999, 1742.6000000000001]
1 0 0.31694260239601135 49507 [1680, 1880] [1720.8999999999999, 1742.6000000000001]
1 0 0.39421048760414124 49507 [1710, 1910] [1720.8999999999999, 1742.6000000000001]
1 0 0.03652838617563248 50305 [1570, 1770] [1724.8000000000002, 1760.9]
1 0 0.03882913663983345 50305 [1580, 1780] [1724.8000000000002, 1760.9]
1 0 0.050049856305122375 50305 [1590, 1790] [1724.8000000000002, 1760.9]
1 0 0.04725116491317749 50305 [1600, 1800] [1724.8000000000002, 1760.9]
1 0 0.050187304615974426 50305 [1610, 1810] [1724.8000000000002, 1760.9]
1 0 0.0567203015089035 50305 [1620, 1820] [1724.8000000000002, 1760.9]
1 0 0.0575033538043499 50305 [1630, 1830] [1724.8000000000002, 1760.9]
1 0 0.049367256462574005 50305 [1640, 1840] [1724.8000000000002, 1760.9]
1 0 0.04237186163663864 50305 [1650, 1850] [1724.8000000000002, 1760.9]
1 0 0.03680473938584328 50305 [1660, 1860] [1724.8000000000002, 1760.9]
1 0 0.03284791484475136 50305 [1670, 1870] [1724.8000000000002, 1760.9]
1 0 0.028759056702256203 50305 [1680, 1880] [1724.8000000000002, 1760.9]
1 0 0.031349025666713715 50305 [1690, 1890] [1724.8000000000002, 1760.9]
1 0 0.02287612110376358 50305 [1700, 1900] [1724.8000000000002, 1760.9]
1 0 0.02535298466682434 50305 [1710, 1910] [1724.8000000000002, 1760.9]
1 0 0.035415515303611755 50305 [1720, 1920] [1724.8000000000002, 1760.9]
1 0 0.07522989064455032 01412 [40, 240] [203.49077964117222, 236.98625124832125]
1 0 0.10612696409225464 01412 [50, 250] [203.49077964117222, 236.98625124832125]
1 0 0.07795024663209915 01412 [60, 260] [203.49077964117222, 236.98625124832125]
1 0 0.08904123306274414 01412 [70, 270] [203.49077964117222, 236.98625124832125]
1 0 0.15150964260101318 01412 [80, 280] [203.49077964117222, 236.98625124832125]
1 0 0.08789275586605072 01412 [90, 290] [203.49077964117222, 236.98625124832125]
1 0 0.07599571347236633 01412 [100, 300] [203.49077964117222, 236.98625124832125]
1 0 0.1374751776456833 01412 [110, 310] [203.49077964117222, 236.98625124832125]
1 0 0.08026983588933945 01412 [120, 320] [203.49077964117222, 236.98625124832125]
1 0 0.07547716051340103 01412 [130, 330] [203.49077964117222, 236.98625124832125]
1 0 0.13565734028816223 01412 [140, 340] [203.49077964117222, 236.98625124832125]
1 0 0.07911571115255356 01412 [150, 350] [203.49077964117222, 236.98625124832125]
1 0 0.07408449798822403 01412 [160, 360] [203.49077964117222, 236.98625124832125]
1 0 0.14253519475460052 01412 [170, 370] [203.49077964117222, 236.98625124832125]
1 0 0.08411217480897903 01412 [180, 380] [203.49077964117222, 236.98625124832125]
1 0 0.07575076818466187 01412 [190, 390] [203.49077964117222, 236.98625124832125]
1 0 0.12950867414474487 01412 [200, 400] [203.49077964117222, 236.98625124832125]
1 0 0.08577801287174225 01412 [1100, 1300] [1258.746380150683, 1296.5838573365363]
1 0 0.1374358832836151 01412 [1110, 1310] [1258.746380150683, 1296.5838573365363]
1 0 0.06358568370342255 01412 [1120, 1320] [1258.746380150683, 1296.5838573365363]
1 0 0.09279639273881912 01412 [1130, 1330] [1258.746380150683, 1296.5838573365363]
1 0 0.13556386530399323 01412 [1140, 1340] [1258.746380150683, 1296.5838573365363]
1 0 0.06707663834095001 01412 [1150, 1350] [1258.746380150683, 1296.5838573365363]
1 0 0.10691794008016586 01412 [1160, 1360] [1258.746380150683, 1296.5838573365363]
1 0 0.1398710161447525 01412 [1170, 1370] [1258.746380150683, 1296.5838573365363]
1 0 0.06961803138256073 01412 [1180, 1380] [1258.746380150683, 1296.5838573365363]
1 0 0.08896364271640778 01412 [1190, 1390] [1258.746380150683, 1296.5838573365363]
1 0 0.11808604747056961 01412 [1200, 1400] [1258.746380150683, 1296.5838573365363]
1 0 0.056699540466070175 01412 [1210, 1410] [1258.746380150683, 1296.5838573365363]
1 0 0.07749515771865845 01412 [1220, 1420] [1258.746380150683, 1296.5838573365363]
1 0 0.10832028090953827 01412 [1230, 1430] [1258.746380150683, 1296.5838573365363]
1 0 0.05470220372080803 01412 [1240, 1440] [1258.746380150683, 1296.5838573365363]
1 0 0.06431151181459427 01412 [1250, 1450] [1258.746380150683, 1296.5838573365363]
1 0 0.23343993723392487 01412 [1510, 1710] [1684.1829008610803, 1703.4117827096286]
1 0 0.31274524331092834 01412 [1520, 1720] [1684.1829008610803, 1703.4117827096286]
1 0 0.3586048483848572 01412 [1540, 1740] [1684.1829008610803, 1703.4117827096286]
1 0 0.4451291561126709 01412 [1550, 1750] [1684.1829008610803, 1703.4117827096286]
1 0 0.3411526679992676 01412 [1570, 1770] [1684.1829008610803, 1703.4117827096286]
1 0 0.35441598296165466 01412 [1580, 1780] [1684.1829008610803, 1703.4117827096286]
1 0 0.32580459117889404 01412 [1600, 1800] [1684.1829008610803, 1703.4117827096286]
1 0 0.4138205647468567 01412 [1610, 1810] [1684.1829008610803, 1703.4117827096286]
1 0 0.32560300827026367 01412 [1630, 1830] [1684.1829008610803, 1703.4117827096286]
1 0 0.4153299629688263 01412 [1640, 1840] [1684.1829008610803, 1703.4117827096286]
1 0 0.3098112940788269 01412 [1660, 1860] [1684.1829008610803, 1703.4117827096286]
1 0 0.27862533926963806 01412 [1670, 1870] [1684.1829008610803, 1703.4117827096286]
1 0 0.46106478571891785 01412 [1680, 1880] [1684.1829008610803, 1703.4117827096286]
1 0 0.026149896904826164 01412 [3380, 3580] [3554.9902891394086, 3572.9785979654694]
1 0 0.03475344553589821 01412 [3390, 3590] [3554.9902891394086, 3572.9785979654694]
1 0 0.029805881902575493 01412 [3400, 3600] [3554.9902891394086, 3572.9785979654694]
1 0 0.029487524181604385 01412 [3410, 3610] [3554.9902891394086, 3572.9785979654694]
1 0 0.04140089452266693 01412 [3420, 3620] [3554.9902891394086, 3572.9785979654694]
1 0 0.03924994170665741 01412 [3430, 3630] [3554.9902891394086, 3572.9785979654694]
1 0 0.03544848412275314 01412 [3440, 3640] [3554.9902891394086, 3572.9785979654694]
1 0 0.046764735132455826 01412 [3450, 3650] [3554.9902891394086, 3572.9785979654694]
1 0 0.041652560234069824 01412 [3460, 3660] [3554.9902891394086, 3572.9785979654694]
1 0 0.05140750855207443 01412 [3470, 3670] [3554.9902891394086, 3572.9785979654694]
1 0 0.05804673209786415 01412 [3480, 3680] [3554.9902891394086, 3572.9785979654694]
1 0 0.04653868451714516 01412 [3490, 3690] [3554.9902891394086, 3572.9785979654694]
1 0 0.05836194008588791 01412 [3500, 3700] [3554.9902891394086, 3572.9785979654694]
1 0 0.0767749473452568 01412 [3510, 3710] [3554.9902891394086, 3572.9785979654694]
1 0 0.05247580260038376 01412 [3520, 3720] [3554.9902891394086, 3572.9785979654694]
1 0 0.0671660304069519 01412 [3530, 3730] [3554.9902891394086, 3572.9785979654694]
1 0 0.11619440466165543 01412 [3540, 3740] [3554.9902891394086, 3572.9785979654694]
1 0 0.05367788299918175 01412 [3550, 3750] [3554.9902891394086, 3572.9785979654694]
1 0 0.4553408920764923 01412 [4260, 4460] [4383.179765170012, 4411.0926581759695]
1 0 0.3888961374759674 01412 [4280, 4480] [4383.179765170012, 4411.0926581759695]
1 0 0.4498399496078491 01412 [4290, 4490] [4383.179765170012, 4411.0926581759695]
1 0 0.4852631688117981 01412 [4310, 4510] [4383.179765170012, 4411.0926581759695]
1 0 0.3972781002521515 01412 [4320, 4520] [4383.179765170012, 4411.0926581759695]
1 0 0.4311205744743347 01412 [4340, 4540] [4383.179765170012, 4411.0926581759695]
1 0 0.4357531666755676 01412 [4350, 4550] [4383.179765170012, 4411.0926581759695]
1 0 0.3844977617263794 01412 [4370, 4570] [4383.179765170012, 4411.0926581759695]
1 0 0.16887328028678894 01412 [5190, 5390] [5351.293711456237, 5389.751475138927]
1 0 0.2266911268234253 01412 [5200, 5400] [5351.293711456237, 5389.751475138927]
1 0 0.37329187989234924 01412 [5210, 5410] [5351.293711456237, 5389.751475138927]
1 0 0.3040768802165985 01412 [5220, 5420] [5351.293711456237, 5389.751475138927]
1 0 0.2548012137413025 01412 [5230, 5430] [5351.293711456237, 5389.751475138927]
1 0 0.3036109209060669 01412 [5240, 5440] [5351.293711456237, 5389.751475138927]
1 0 0.27354124188423157 01412 [5250, 5450] [5351.293711456237, 5389.751475138927]
1 0 0.18092301487922668 01412 [5260, 5460] [5351.293711456237, 5389.751475138927]
1 0 0.42322877049446106 01412 [5270, 5470] [5351.293711456237, 5389.751475138927]
